296s, 65;
296l, 65;
297s, 65;
297l, 70;
298s, 65 65;
298l, 34 87;
299s, 65;
299l, 52;
300s, 65 65 65;
300l, 65 34 52;
301s, 65;
301l, 78;
306s, 65;
306l, 65;
307s, 65;
307l, 76;
308s, 65;
308l, 65;
326s, 27 23 49 7 49 19 16;
326l, 6 74 62 43 37 79 37;
328s, 55 56 70;
328l, 50 16 23;
329s, 70 45 70 60;
329l, 34 17 55 81;
330s, 6 70 19 12 65 34 22 58 19;
330l, 87 74 43 24 21 43 51 6 43;
331s, 33 25 33 87 6 65 19 33 76 87 45;
331l, 6 60 20 6 87 70 19 65 6 6 61;
332s, 77 65 33 70 7 66;
332l, 70 19 71 62 19 87;
333s, 7 87 33 65 58 66 33;
333l, 7 6 58 61 43 66 55;
334s, 65 70 7;
334l, 19 20 62;
335s, 51 65 65;
335l, 34 61 19;
336s, 87 33 35 32 33 35;
336l, 62 4 33 35 31 76;
337s, 70 7 35 44 21;
337l, 5 34 46 24 23;
338s, 34 55 19 65;
338l, 70 57 20 59;
339s, 48 41 45 7 33 52 19 35;
339l, 45 54 48 11 53 34 2 27;
340s, 90 34 49 34 32 7;
340l, 73 89 17 34 24 34;
341s, 68 7 77 87;
341l, 90 84 65 6;
342s, 34;
342l, 89;
343s, 61 49 24 21;
343l, 6 11 49 6;
344s, 7 21 23 87 47 21 87 90 34;
344l, 7 6 57 43 33 62 78 81 23;
345s, 70 65 46;
345l, 66 66 62;
346s, 23 7 65 76 35;
346l, 57 34 65 71 20;
347s, 35 70 6 35;
347l, 11 88 77 24;
348s, 78 17 35;
348l, 34 35 33;
349s, 35 87 36 35 70;
349l, 31 48 34 76 6;
350s, 85 76 88 34 90;
350l, 51 65 62 62 72;
351s, 87 70 34 70;
351l, 48 48 19 48;
352s, 35 65 23;
352l, 33 34 71;
353s, 37 44 23 6 25 65 65;
353l, 43 58 51 87 54 65 21;
354s, 24 13 72 34 16 65 65;
354l, 41 54 90 43 62 87 65;
355s, 34 51 21 70 37 35 51 34 52 65 65 65;
355l, 21 79 62 6 48 69 14 24 65 76 52 65;
356s, 6 31 57 65;
356l, 87 24 23 70;
357s, 66 87 65;
357l, 17 23 43;
358s, 76 33 76 55 24 27 65 65;
358l, 57 55 24 74 57 71 52 65;
359s, 35 57 65 53 35;
359l, 76 24 58 53 33;
360s, 15 23 51 20 19 66 70 45 35;
360l, 60 62 34 62 31 65 17 23 33;
361s, 58 65 70 65;
361l, 37 65 59 34;
362s, 48 65 36 23 45 78;
362l, 87 66 36 7 6 70;
363s, 35 34 48 44 65;
363l, 33 21 32 33 66;
364s, 35 23 25 51;
364l, 33 24 54 34;
365s, 59 70 58;
365l, 34 23 59;
366s, 13 55 85 33 34 21;
366l, 90 24 55 91 43 17;
367s, 70 35 58 65 35 7 26 35 2 24 35;
367l, 67 7 6 77 24 34 90 33 37 71 33;
368s, 35 33 35 58 65 34 23 2;
368l, 33 24 5 48 21 43 48 62;
369s, 43 35 34 70 35 68;
369l, 44 33 24 79 6 90;
370s, 34 35 84 35;
370l, 6 33 33 71;
371s, 35 34 6 76 56;
371l, 55 57 35 71 84;
372s, 34 19 65 84 24 56 52 6;
372l, 52 43 65 84 30 56 48 23;
373s, 51 65 56 4 65;
373l, 11 55 56 9 62;
374s, 55 35 70 35 49 35 90 70 35 70 79;
374l, 24 33 22 33 58 12 81 88 33 58 79;
375s, 23 3 85 48 46 62 79 12 48;
375l, 87 3 6 6 46 30 49 50 65;
376s, 7 46 35 37;
376l, 7 23 50 87;
377s, 85 34 7 46 34;
377l, 7 51 7 17 91;
378s, 33 7 23 65 74 33 57 7 6;
378l, 6 43 19 87 71 57 91 51 57;
379s, 59 77 35 87;
379l, 50 20 34 31;
380s, 24 59 35 65 76 24;
380l, 91 24 33 48 35 91;
381s, 14 34 85 76 62 70 78 6;
381l, 77 43 14 50 21 6 34 62;
382s, 70 65 70 51 34 65 70;
382l, 57 66 20 87 85 53 48;
383s, 24 65 19 31 24 33 23 58 7 57 55 34 34;
383l, 57 48 34 24 30 33 57 52 34 24 24 43 7;
384s, 65 7;
384l, 35 7;
385s, 33 3 7 88 33 70 35 21 48;
385l, 24 3 34 50 20 31 74 59 31;
386s, 24 3 53 87 35 19 2 44 49 49 2 52;
386l, 30 3 34 89 33 19 35 77 71 17 49 24;
387s, 61 25 70 45 70 50 12 49;
387l, 31 54 89 62 31 6 17 52;
388s, 17 70 87 6 45 23 70 31 70 25 70;
388l, 71 91 11 62 44 52 58 20 37 54 62;
389s, 35 48 6 11 48 87 21 70 6 55 66 6 51 21 70 6 66;
389l, 56 2 85 44 11 65 17 62 11 35 62 23 23 35 22 87 71;
390s, 70 35 48 90 7 34 35 87 65 72 57 76 87 35 72 58 34 87 21 76 33 27 35 65 34 16 70 33 6 65;
390l, 44 50 79 73 67 84 33 19 65 90 44 24 65 30 90 87 52 31 35 71 24 35 33 62 85 61 57 70 49 65;
391s, 35 52 59 34 35 88 34 35 90 70 33 21 65 23 70 34 33 65 34 12 88 23 24;
391l, 33 43 65 85 33 17 34 55 73 57 6 20 12 23 6 85 55 88 52 33 17 24 57;
392s, 90 70 62 35 31 70 65 34 19 58 49 23 65 65 23 53 48;
392l, 73 19 44 62 50 37 7 7 34 48 3 57 20 19 71 27 65;
393s, 35 34 6 49 65 48 55 35 65 53 12 7 52 70;
393l, 55 88 77 3 65 14 34 32 19 31 23 51 21 31;
394s, 6 70 70 75 2 53 78 70 32 34 57 6 7 12 34;
394l, 87 65 61 6 2 34 34 30 57 84 24 11 21 49 62;
395s, 34 34 21 44 59 31 34 87 34 79 65;
395l, 84 87 6 91 79 59 77 6 62 23 65;
396s, 33 34 12 13 54 70 52 33 12 88 35 7 6;
396l, 70 43 71 90 10 52 16 17 55 65 33 70 6;
397s, 33 5 38 58 20 6 85 36 57 87 7 57 30 66 55 90 35 76 35;
397l, 23 71 23 66 57 62 57 36 17 27 89 24 91 62 23 68 55 65 32;
398s, 36 88 5 70 55 90 56 6 35 65 35 70 77 6 7 20 34 36 55 33 6;
398l, 49 65 67 34 55 81 56 21 55 37 27 43 34 6 7 6 65 49 35 59 45;
399s, 90 6 34 59 45 23 56 12 87 6 57 35 55 51 7 6 49 20;
399l, 73 87 43 51 62 70 56 35 49 77 24 23 27 87 11 5 2 65;
400s, 48 53 34 5 37 17 12 21 34 53 70 70 35 55 51;
400l, 46 84 34 71 65 71 17 49 62 34 52 30 76 79 67;
401s, 34 65 12 23 34 16 6 52 62 87 70 35;
401l, 62 66 23 2 53 62 49 48 24 21 52 23;
402s, 34 34 2 17 34 35 12 62 24 90 70 49 35;
402l, 77 52 78 24 51 18 33 20 71 68 53 43 75;
403s, 87 90 30 67 91 85 35 55 90 52 33 90 62 56 6 55 35 70 53 32;
403l, 21 68 23 55 71 34 31 71 73 84 32 68 20 21 6 35 56 52 34 24;
404s, 35 24 77 35 6 6 34 90 87 48 87 48 57;
404l, 33 24 65 33 11 62 6 90 45 87 11 87 27;
405s, 24 87 33 6 67 87 34 90 88;
405l, 44 89 12 87 65 24 5 73 3;
406s, 52 7 35 21 70 59 21 24 34 19 34 87 31 70 90;
406l, 23 19 27 6 6 22 12 71 43 2 59 59 31 6 81;
407s, 19 81 34 34 35 34 78 57 58 44 58 70;
407l, 44 90 7 17 33 19 62 23 46 48 46 53;
408s, 79 66 34 85 35 70 70 23 70 35 35 5 35 62 35 11;
408l, 52 27 19 84 55 53 34 50 89 55 65 71 27 67 11 17;
409s, 79 34 65 57 23 34 51 68 35 70 81;
409l, 58 52 89 23 71 37 34 90 50 88 90;
410s, 70 55 51 24 55 5 12 24;
410l, 53 79 34 57 49 35 33 57;
411s, 77 78 27 24 53 23 5 2;
411l, 62 78 61 8 34 17 62 70;
412s, 33 35 87 5 13 74 35 31 17 35 52 70 34 12 85 19 13 24;
412l, 67 50 31 31 41 91 33 89 17 33 34 20 70 76 6 84 41 57;
413s, 75 87 34 35 90 53 34 76 24 70 35 6 34 71 33 87 87 35;
413l, 31 50 78 76 73 23 66 58 30 65 76 85 17 71 76 48 50 44;
414s, 76 17 49 24 53 17 6 65 71 19 43 37;
414l, 27 55 17 57 44 76 61 66 54 89 49 77;
415s, 49 90 55 48 65 52 66 27 87 5 77 17 73 78 7 6 55 32;
415l, 33 68 44 44 19 34 43 24 32 76 34 30 90 78 7 87 31 76;
416s, 73 49 24 78 35 6 41 35 87;
416l, 90 23 57 59 33 89 62 33 32;
417s, 65 7 70 6 71 34 24 87 87 49;
417l, 66 7 6 85 3 43 57 62 31 17;
418s, 36 7 70 24 84 6 71 24 7 23 33;
418l, 20 75 71 30 89 87 74 91 34 51 65;
419s, 59 69 33 31 5 85 58 2;
419l, 75 44 21 71 57 34 89 23;
420s, 85 59 35 75 48 89 62 90 90 6 70 76;
420l, 11 62 33 56 49 6 67 73 73 23 23 58;
421s, 72 23 33 34 67 11 87 79 24 67 35;
421l, 90 51 18 79 44 7 79 58 91 62 33;
422s, 33 35 19 6 24 21 24 53 31;
422l, 65 12 37 62 30 43 91 31 66;
423s, 27 24 70 6 90 34 27 57 46 35 19 53 6 70;
423l, 6 57 43 87 73 89 74 44 23 33 66 53 87 19;
424s, 34 78 32 49 17 71 45 34 70 6 61 17 49 41 35;
424l, 59 34 85 58 31 17 74 37 65 84 51 44 33 50 76;
425s, 7 35 43 36 41 34 70 65 45 53 35 33;
425l, 78 33 75 34 41 34 21 62 44 23 12 34;
426s, 54 84 70 33 23 43 41 65 35 31;
426l, 15 62 53 53 17 23 62 43 33 89;
427s, 33 58 12 90 7 70 87 76 2 85 35 70 36;
427l, 23 20 62 68 20 49 23 71 48 11 33 49 36;
428s, 31 5 65 3 41 36 17 89 70 6 5;
428l, 89 34 65 3 10 57 33 45 62 85 70;
429s, 7 5 34 3 35 87 2 6 65 70 70 6 57 48 36 5 90 6;
429l, 7 62 43 57 33 87 56 87 11 44 44 49 24 48 34 62 49 48;
430s, 48 43 75 70 5 35 7 41 35 23 31 70 90;
430l, 87 44 89 59 70 35 34 50 34 34 45 88 73;
431s, 32 31 87 35 24 49 56 65 90 70 54 6 58 70 34 53 50 33;
431l, 85 70 50 76 57 4 31 89 73 31 15 87 20 31 51 52 31 23;
432s, 34 11 56 34 6 74 54 45 65 19 87 65;
432l, 70 62 56 7 61 57 54 19 19 62 6 66;
433s, 67 70 18 19 56 70 54 61 89 71 51 7 6 85 90 21 23 85 3;
433l, 19 53 6 31 56 65 25 58 56 44 34 11 89 6 73 12 50 84 91;
434s, 70 75 33 35 70 57 62 26 35 21 85 70 34 44;
434l, 61 49 12 24 67 74 31 90 62 58 84 20 85 31;
435s, 21 70 5 56 62 57 90 32 21 35 43;
435l, 7 31 31 31 32 24 68 17 71 16 34;
436s, 34 35 59 35 17 48 89 27 49 12 34 81 23;
436l, 65 76 20 16 61 23 20 87 24 49 34 90 23;
437s, 50 48 65 53 51 70 5 2 58;
437l, 57 87 66 34 7 20 31 34 21;
438s, 35 32 13 70 87 30 89 5 23 2 31 27 65;
438l, 33 48 72 46 6 20 87 17 23 20 31 17 65;
439s, 85 75 6 35 68 65 59 90 65 57 31 6 37 2 70 23 54 70 35 34;
439l, 20 12 62 33 90 31 77 26 52 24 71 45 31 20 49 71 25 31 33 77;
440s, 6 48 60 33 34 74 19 62 34 65 34 19 65 67;
440l, 24 87 41 32 19 74 44 32 43 20 43 18 20 19;
441s, 90 67 24 19 74 5 90 51 34 35 70;
441l, 82 32 23 44 24 27 24 31 75 33 23;
442s, 62 5 87 76 62 65 76 23 70 34 55 76 34 65 5 31;
442l, 6 49 71 78 6 70 32 50 59 58 17 6 66 85 31 70;
443s, 81 88 15 75 45 23 76 30;
443l, 90 27 54 12 85 23 85 23;
444s, 91 34 7 27 52 79 87 24 34 62 23 49 68 51 23;
444l, 3 43 34 24 32 27 6 50 51 18 31 7 68 31 24;
445s, 87 7 54 58 49 59 88 35 87 68 33 33 65 21 7;
445l, 87 32 41 21 24 6 67 55 27 73 71 76 7 17 49;
446s, 79 55 88 6 65 35 34 62 20 65;
446l, 79 62 3 91 37 33 51 6 12 21;
447s, 88 70 89 70 55 77 84 11 66 5 70 50 58 19 84;
447l, 75 23 44 18 27 12 34 19 65 32 44 6 34 53 31;
448s, 88 36 23 59 33 34 65 33 76 70 21 55 76 49 33 84 31 53 70 85 5 70 55 84;
448l, 31 7 70 87 24 43 66 71 2 6 48 32 2 48 76 71 19 34 5 11 37 46 34 34;
449s, 31 59 62 70 70 23 45 35 34 65 76 35 65 35 34;
449l, 33 77 23 31 20 76 62 33 62 21 35 67 61 70 85;
450s, 70 5 56 33 79 70 73 55 56 5 35 65 73 57;
450l, 23 37 19 62 78 34 90 49 56 32 55 66 90 24;
451s, 48 24 70 32 34 55 23 70 31 49 37 87 65 45 65 70 57 70;
451l, 51 57 49 46 85 27 53 85 76 32 31 20 7 48 61 76 44 85;
452s, 56 58 12 48 37 70 90 2 84 7 70 35 76 48 52 35 6 53;
452l, 56 75 24 27 44 5 68 48 87 7 31 55 66 51 32 55 46 79;
453s, 21 90 56 32 50 62 24 34 78 2 76 19 44 90 34 36 35 2;
453l, 21 73 49 24 50 31 24 48 12 32 7 34 65 73 48 7 33 32;
454s, 33 34 85 2 66 23 50 12 58 21 7 2 66 24 62 84 74 55 33 34 87 48 35 5;
454l, 76 43 6 53 89 48 17 49 62 61 70 59 17 30 31 87 87 31 12 52 20 87 31 31;
455s, 44 55 70 2 5 70 87 48 55 87 23 5;
455l, 75 31 44 59 31 21 34 31 49 79 37 43;
456s, 2 70 3 70 53 19 23 48 35 58 34 52 76 77;
456l, 44 76 24 66 44 20 23 27 35 89 84 31 44 24;
457s, 75 31 70 55 23 53 2 34 19 23 2 24 55 49 65 6 70 35 87 15;
457l, 70 24 11 44 84 14 34 34 20 56 48 50 49 50 65 87 11 12 6 15;
458s, 70 5 34 49 24 19 56 35 57 34 70 35 76 53 55 35 15 62 66;
458l, 32 66 43 53 24 53 19 27 21 31 31 27 24 34 62 27 54 23 62;
459s, 34 65 34 70 38 49 65 33 7 17 53 78 35 34 35 45 52 85 48;
459l, 51 37 32 19 53 58 21 17 12 23 44 78 32 51 49 87 34 85 87;
460s, 31 78 31 24 70 2 33 35 34 70 44 32 58 78 27 7 45 35;
460l, 46 70 46 91 31 51 20 27 43 20 20 50 62 6 21 35 23 55;
461s, 33 27 33 44 2 35 58 70 59 55;
461l, 49 27 35 20 32 27 20 31 22 19;
462s, 24 70 27 53 51 70 34 7 2 21 71 59;
462l, 31 19 24 18 23 87 52 34 85 6 76 79;
463s, 50 6 65 34 85 54 85 70 55;
463l, 27 11 21 53 31 1 20 89 27;
464s, 33 65 71 6 33 70 87 76 65 35 58 35 55 35 85 53 43;
464l, 27 20 23 11 12 23 6 23 19 12 65 33 27 67 31 59 23;
465s, 61 90 55 32 88 49 36 12 70 35 7 87 31;
465l, 61 73 6 62 44 50 34 62 20 33 77 79 71;
466s, 35 57 31 34 34 7 5 66 65 37 31 87 52 90;
466l, 55 57 32 44 49 7 76 65 19 31 71 31 57 73;
467s, 36 33 5 85 70 34 87 2 61 6 7 20 21 23 61 12 56 15 23 79 56;
467l, 56 27 14 55 31 59 31 7 52 62 66 20 6 16 43 12 56 90 20 34 45;
468s, 72 85 61 52 43 70 23 19;
468l, 90 85 43 50 79 65 57 19;
469s, 76 22 21 32 24 33 23 85 24 23;
469l, 91 21 61 24 57 49 23 51 23 84;
470s, 21 23 72 33 76 21 23 34 34 7 33;
470l, 12 20 73 33 27 56 32 43 19 66 21;
471s, 7 52 65 34 65 33 34 7 74 34 29 19 90 70 87;
471l, 23 37 37 78 89 21 65 37 57 79 8 84 13 65 45;
472s, 31 23 55 7 16 5 66 53 20 87 34 27 18;
472l, 89 27 31 77 18 78 65 20 20 45 43 71 6;
473s, 49 33 20 6 33 85 7 33 90 49 2 33 33 21 85 23 35 52 60;
473l, 46 70 34 74 44 51 7 91 13 23 7 49 85 20 17 23 12 50 25;
474s, 45 85 33 68 7 53 87 66 65 34 79 34 35 23 65 35 55;
474l, 90 31 12 68 20 53 77 37 66 79 44 78 33 20 37 33 33;
475s, 34 59 34 55 5 66 45 70 60 23 18 55 71 87;
475l, 34 79 85 35 75 16 45 79 54 23 50 32 23 77;
476s, 34 45 90 24 34 7 13 45 23 35 6 76;
476l, 78 66 72 30 62 7 81 90 17 76 89 76;
477s, 5 21 43 7 27 21 45 35;
477l, 87 21 31 19 32 6 6 53;
478s, 85 6 23 48 23 34 70 87 77 66 31 13 34;
478l, 51 18 17 57 23 34 65 6 87 31 31 90 20;
479s, 77 58 5 21 55 34 90 16 31 45 68 19 35;
479l, 77 50 44 21 70 89 29 16 32 34 68 19 33;
480s, 77 33 87 85 79 33 19 1 67 68 19 26 6 87 70;
480l, 32 12 62 79 34 32 88 26 27 9 53 54 62 48 37;
481s, 33 85 35 12 87 65 16;
481l, 49 6 22 66 24 66 46;
482s, 34 31 70 78 31 78 70 65 90 7 31 36 31 49;
482l, 34 31 32 34 23 78 32 66 68 7 87 32 31 65;
483s, 11 41 48 55 19 70 34 54 49 34 34 12 65 85;
483l, 85 57 43 32 62 7 34 54 14 59 51 76 5 6;
484s, 78 34 7 49 76 5 19 70 90 66 53 54 88 70 55 90 30 24;
484l, 59 19 58 49 76 62 77 44 68 31 88 10 7 19 24 73 76 31;
485s, 23 26 49 34 48 33 49 23 87 11 33 70 24 45 19 23;
485l, 23 90 50 34 87 21 23 44 24 45 32 65 71 30 14 23;
486s, 33 11 70 88 5 70 34 48 34 66 59 87 23 5;
486l, 19 43 44 76 32 89 89 87 34 51 67 77 37 70;
487s, 18 34 77 85 78 55 70 53;
487l, 23 43 79 23 87 49 65 53;
488s, 26 85 23 89 32 34 70 49 71 53 87;
488l, 90 31 61 87 12 7 23 61 19 53 48;
489s, 19 11 35 62 52 71 31 35 54 55 35 65 35 19 45 35 6;
489l, 44 11 33 88 23 19 65 31 34 49 76 37 24 44 45 76 91;
490s, 23 59 11 53 49 31 84 5 35 49 36 35 35 35 23;
490l, 59 34 79 53 66 61 6 17 23 34 23 23 34 31 23;
491s, 34 56 2 31 50 53 70 62 6 49 23 35;
491l, 48 56 2 50 49 31 70 62 62 43 50 20;
492s, 70 29 77 19 12 27 85 67 70 49 90 53 59 45 7;
492l, 65 82 87 11 49 89 6 19 85 23 73 53 70 31 2;
493s, 23 87 31 43 27 32 19 5 78 55 70 70;
493l, 19 6 76 43 27 23 44 44 78 76 70 49;
494s, 34 85 55 33 12 66 87 33;
494l, 44 31 23 79 65 27 17 33;
495s, 76 21 84 24 55 65 12 43 6 65 41 65 2 75 70 31 78;
495l, 65 21 87 57 44 21 49 85 87 20 54 20 85 88 53 52 61;
496s, 43 70 24 90 58 19 31 17 65 7 70 53;
496l, 84 19 57 73 21 45 20 49 31 2 22 34;
497s, 34 18 27 19 18 33 7 27 19;
497l, 5 65 46 46 20 79 34 62 61;
498s, 55 85 5 19 34 34 55 90 33 74 12;
498l, 49 44 44 23 53 77 24 26 11 45 71;
499s, 23 34 27 33 61 35 70;
499l, 16 7 24 33 65 33 70;
500s, 84 87 57 43 55 77 20 49 5 70 62 35 70 33 49 70;
500l, 84 32 24 55 76 88 17 6 21 70 88 33 65 33 49 7;
501s, 84 21 23 15 12 52 70 56 70 36 34 7 33;
501l, 34 21 23 31 23 65 88 56 31 6 77 17 55;
502s, 33 23 6 49 32 30 33 5 27 51 33 65 87 34 2 90 70 88 73;
502l, 24 65 36 76 44 30 76 70 20 49 23 52 62 43 24 68 65 88 57;
503s, 65 21 65 19 55 70 6 53 27 11 7 34 15 51 62 70 45 16;
503l, 66 31 7 31 49 37 11 23 19 70 58 65 15 70 55 16 77 18;
504s, 12 33 70 19 43 27 34 23 15 33 66 76 19 31;
504l, 55 65 65 23 61 19 51 23 15 27 61 35 20 20;
505s, 50 17 55 41 35 59 23 53 76 78;
505l, 24 31 57 54 27 87 2 88 17 78;
506s, 56 33 65 21 53 55 48 23;
506l, 61 49 65 61 53 57 62 23;
507s, 45 56 76 34 17 34 33 78 48 3 6 78 70 58;
507l, 44 61 70 7 18 77 33 87 31 44 87 58 44 19;
508s, 45 34 18 88 23 59 87 24 41 33 11 32;
508l, 77 35 44 55 31 34 6 49 69 55 85 85;
509s, 57 44 70 33 19 73 49 6 70 88 85 49 32 70 76 12;
509l, 3 21 62 34 11 38 65 49 21 5 11 53 27 70 76 27;
510s, 65 23 85 61 87 59 65 16 70 21 20;
510l, 44 23 11 18 6 34 77 23 85 65 33;
511s, 33 87 46 12 87 50 77 11 35 69 53 36 70 33 6;
511l, 76 31 16 31 31 58 34 34 33 24 53 75 31 33 11;
512s, 31 87 33 89 77 66 37 32 61 77 35 87 23 84 74 55 78;
512l, 24 43 12 23 23 66 65 55 23 87 12 6 2 21 27 49 78;
513s, 48 79 19 24 38 66 17 35 79 77 87 61 33 35 48 87 68 35 89 46;
513l, 31 49 34 74 38 61 50 35 21 70 30 23 34 27 27 23 90 49 31 23;
514s, 87 33 87 49 76 35 34 35 35 21;
514l, 31 35 24 32 7 12 61 33 32 6;
515s, 11 21 87 33 36 33 27 6 21 76 34 59 78 73 5;
515l, 34 31 7 91 31 67 35 89 6 76 85 19 71 73 58;
516s, 91 38 87 75 90 11 73 58 58 49 34;
516l, 91 26 31 51 68 20 90 37 58 31 19;
517s, 36 34 67 35 29;
517l, 19 61 67 49 38;
518s, 55 54 49 66 36 70 35 34 31;
518l, 67 87 31 58 19 18 27 49 35;
519s, 48 11 6 75 70 42 29 33;
519l, 45 65 87 20 65 31 29 33;
520s, 44 53 52 34 5 26 32 70 21 59 87 87 72 35;
520l, 24 23 34 18 31 90 44 34 32 20 87 23 68 33;
521s, 21 41 57 90 51 70 48 44 65 76 70 54 90 29 90 34 29;
521l, 76 41 24 68 52 44 21 32 23 12 71 25 72 29 26 51 29;
522s, 33 33 41 34 88 49 34 23 87;
522l, 62 62 69 70 76 20 43 76 87;
523s, 76 5 23 87 34 68 70 29 26 32 35 20 32;
523l, 5 49 50 45 43 9 85 8 90 53 32 19 50;
524s, 34 34 76 11 70 87 65 51 76 6 84;
524l, 51 51 49 34 36 31 31 34 70 19 23;
525s, 87 90 32 45 36 23 32 75 35 90 58 70;
525l, 48 72 75 45 49 16 5 20 33 68 27 65;
526s, 70 49 31 23 70 7 35 70 2 35 65 62 54;
526l, 20 53 50 12 19 49 33 84 65 76 3 5 1;
527s, 20 55 19 65 57 21 16 75 57 55 53 45 57 19 58 32 78;
527l, 65 31 65 7 32 31 11 34 11 35 23 31 11 70 34 20 78;
528s, 55 70 34 62 56 38;
528l, 53 43 85 62 56 71;
529s, 7 65 31 5 35 70 62 2 34 56 50 20;
529l, 36 52 19 18 33 19 62 51 34 32 74 52;
530s, 34 18 89 78 23 48 67 35 20 35 7;
530l, 67 6 89 58 23 87 67 76 88 32 7;
531s, 34 11 65 23 51 67 45 7 70;
531l, 43 61 37 19 66 55 49 7 53;
532s, 67 49 31 31 34 16 90 24 65 90 35 27;
532l, 62 76 31 20 7 23 72 71 16 68 33 24;
533s, 85 34 70 31 90 21 34 7 34 48 53 33 5;
533l, 71 43 2 19 73 32 52 7 89 33 27 33 32;
534s, 90 20 87 22 33 70 7 70 34 5 35 67;
534l, 26 20 66 87 33 2 7 85 37 44 31 34;
535s, 48 58 34 51 51 53 32 61 49 32 39 53 35;
535l, 34 21 37 7 48 31 35 18 49 57 39 53 31;
536s, 35 12 49 27 17 48 27 20 59 45 70 57;
536l, 76 32 23 24 2 20 55 20 2 62 45 32;
537s, 32 24 31 90 79 61 65 35 48 35;
537l, 20 57 41 13 37 61 20 76 74 55;
538s, 32 5 48 20;
538l, 70 12 74 65;
539s, 3 36 65 55 76 27 32 35;
539l, 41 31 34 71 23 51 76 27;
540s, 44 20 24 37 6 33 76 32 88 23 85;
540l, 17 44 24 51 27 35 27 49 53 84 6;
541s, 20 44 77 49 36 24 48 23 34 53 7;
541l, 56 27 77 50 51 44 31 32 37 34 7;
542s, 43 65 17 53 49 31 77 49 33 70 74 20 21 50 76;
542l, 87 37 23 23 91 11 51 76 49 19 3 44 31 50 12;
543s, 21 4 88 5 33 34 53 85 21 17 90 49 20 55 59 45;
543l, 85 27 32 5 76 49 44 75 48 27 68 49 56 12 43 57;
544s, 31 33 34 49 7 49;
544l, 44 33 23 55 7 87;
545s, 76 74 23 21 7 58 87 32 31 30 71 7 70 33 55;
545l, 2 58 23 65 5 20 21 66 33 23 31 7 32 35 48;
546s, 21 74 45 70 17 31 15 19 70 29;
546l, 21 58 21 6 17 75 15 65 34 54;
547s, 6 18 34 65 44 34 90 32 71 7;
547l, 62 62 53 53 87 43 33 49 87 7;
548s, 12 34 23 65 87 5 21 31 61 91 27 35 49 72;
548l, 20 35 37 21 87 27 27 23 31 91 71 23 31 90;
549s, 33 88 44 23 34 31 87 69 85 18 35 12 35;
549l, 23 70 85 49 2 27 31 41 20 48 31 12 33;
550s, 90 70 73 65 44 33 75 71 67 55 87 36 24 55;
550l, 73 31 26 33 48 35 59 43 67 76 6 70 32 76;
551s, 49 65 65 12 49 55 70 48 67 33 34 79 33 85;
551l, 12 12 37 6 76 12 65 62 67 33 53 88 35 20;
552s, 76 67 91 70 67;
552l, 12 27 91 70 67;
553s, 12 77 87 71 87 77 36 15 2 34 31;
553l, 34 77 58 24 71 51 84 60 48 27 31;
554s, 23 65 87 91 77 24 12 67 2 49 31 70 87;
554l, 51 70 48 49 51 17 12 67 37 52 31 75 50;
555s, 33 84 33 54 7 87 76 70 13 21 67 12 76;
555l, 31 34 32 25 58 6 71 34 10 21 67 7 76;
556s, 33 20 34 53 55 76 2 45 21 70 7 35 16 34 78 62;
556l, 27 65 48 49 21 17 31 17 31 32 51 49 46 65 78 61;
557s, 32 59 7 21 87 27 34;
557l, 23 70 31 34 45 16 52;
558s, 62 70 2 70 44 34 12 34 59 78 70 31 65;
558l, 58 52 2 70 44 78 20 37 50 78 76 11 11;
559s, 70 65 49 2 85 34 53 5 34 61 90 51 45 2;
559l, 65 18 3 53 85 51 27 7 79 31 90 37 27 65;
560s, 70 70 91 34 70 74 49 77 70 53 36 24 26;
560l, 7 7 12 52 20 58 75 31 43 34 36 31 41;
561s, 32 85 17 70 44 34 27 24 59 18;
561l, 43 18 32 70 56 79 21 79 66 27;
562s, 35 19 37 36 21 7 48 59 34;
562l, 23 19 37 2 20 7 48 34 87;
563s, 21 6 20 52 87 65 16 7;
563l, 27 11 17 87 70 31 32 7;
564s, 53 76 37 20 44 70 76 65 78 7 16 12 85 34 48 34 2 45 87 69;
564l, 49 76 65 58 76 65 49 20 22 19 32 33 45 7 61 43 53 32 85 69;
565s, 44 65 7 77 69 48 54 65 31 7 21 65;
565l, 6 49 32 34 24 65 54 27 66 7 61 21;
566s, 87 23 56 62 77 2 35 87 85 7 76 87 70;
566l, 89 67 56 62 31 77 58 65 62 7 32 6 75;
567s, 33 6 53 27 54 21 67 74 74;
567l, 32 11 65 35 71 85 67 31 31;
568s, 5 52 75 20 53 65 65 68;
568l, 65 34 79 34 34 31 31 26;
569s, 7 36 34 59 67 48 7 20 15 76 53 66;
569l, 89 88 75 18 67 23 7 65 25 76 31 79;
570s, 49 46 59 87 32 2 7 58 34 20 73 49 35 65 53 71 70 50 87 35;
570l, 31 46 19 6 49 70 58 37 5 21 8 31 12 31 34 71 23 23 6 27;
571s, 50 49 5 87 7 70 58 6 7 52 35 33 76 32 70 5 33 35;
571l, 17 35 23 87 31 6 34 87 7 67 55 35 65 24 23 18 76 32;
572s, 20 44 65 27 70 31 88 16 35 45;
572l, 31 31 37 24 23 42 58 51 35 23;
573s, 7 6 7 84 70 44;
573l, 58 66 7 53 32 17;
574s, 16 73 62 66 31 87 61 48 7 11 62 33;
574l, 16 90 31 51 31 32 19 87 7 33 6 35;
575s, 85 76 31 58 70 45 23 87 7 78;
575l, 79 11 31 62 65 87 65 33 7 78;
576s, 20 57 48 66 30 24 90 32 48 12 5 24 77 7 65 70 36;
576l, 59 24 48 19 17 57 68 59 62 23 5 50 71 7 37 49 36;
577s, 70 57 23 48 31 70 26 85 70 65 91 66 5 7 6 23 70 65;
577l, 46 24 18 62 53 19 90 85 59 70 3 87 54 7 62 19 20 70;
578s, 49 66 23 27 47 87 84 35 19 19 36 70 65 51 59 37 66 7;
578l, 24 66 53 12 47 76 50 17 6 19 71 49 70 51 34 16 78 7;
579s, 5 37 23 47 52 43 65 49 62 49 7 19 60 61 52;
579l, 67 31 12 24 21 34 34 61 31 19 7 84 61 50 17;
580s, 48 45 11 70 31 57 61 49 77 20;
580l, 87 45 19 6 61 24 50 24 77 65;
581s, 76 89 82 51 76 21 34 17 24;
581l, 33 84 82 76 76 23 51 24 32;
582s, 70 34 88 82 56 52 48 7 52 31 35 7;
582l, 65 20 17 82 23 65 87 84 34 20 33 34;
583s, 48 46 35 58 24 6 35 65 73 21 31 35 59 78 32 88 85;
583l, 48 24 27 18 71 85 32 59 9 21 31 35 66 78 33 37 48;
584s, 49 35 70 82 12 35 78 44 35 23;
584l, 44 67 20 82 35 32 36 71 33 23;
585s, 51 35 87 58 66 43 16 52 76 4 18 51 7 21 36 34;
585l, 56 49 6 58 16 2 20 31 74 12 79 34 78 21 49 65;
586s, 20 88 65 49 35 87 66 20 66 70 6;
586l, 49 36 34 55 33 87 65 31 65 70 11;
587s, 31 33 35 12 34 33 32 20 66 31;
587l, 58 44 49 58 67 35 84 20 66 6;
588s, 20 61 2 7 76 51 5 32 27 33 70 26 2;
588l, 31 27 5 34 55 79 70 32 71 35 6 90 65;
589s, 31 24 70 31 24 35 31 27 85 7 57 20 24 30 34;
589l, 74 23 65 70 57 55 24 32 85 34 57 21 57 71 66;
590s, 52 27 70 32 33 19 87 11 20 78 70 53 49 27 70 2;
590l, 48 19 79 74 49 31 87 61 50 75 88 23 55 21 19 51;
591s, 6 65 41 56 65 5 49 56 71 58 65 78;
591l, 33 66 54 56 21 70 31 16 70 58 53 7;
592s, 65 34 66 6 34 85 48 53 79 54 31 5 85 34;
592l, 44 43 37 31 34 61 33 53 79 41 49 50 87 34;
593s, 5 58 32 23 32 65 33 35 17 34 76 14 24 58;
593l, 70 67 2 77 21 53 35 76 65 70 32 16 56 65;
594s, 70 49 23 90 70 49 76 17 21 33 62 12 32 5 3 55 50;
594l, 51 18 71 73 51 11 76 71 76 31 31 49 35 67 17 32 57;
595s, 20 37 71 12 58 62 84 71;
595l, 32 49 76 32 89 6 84 12;
596s, 12 31 89 44 70 21 87 48 23 74 78 61 35 74;
596l, 75 18 87 7 88 84 44 48 27 71 34 57 49 71;
597s, 85 24 70 49 66 70 35 32 70 70 90 23 90 23;
597l, 23 55 62 69 18 17 33 31 31 34 73 55 72 44;
598s, 24 56 12 27 51 52 29 32 52 71 32 19 35;
598l, 6 21 76 27 11 31 92 12 31 49 23 19 33;
599s, 71 76 5 19;
599l, 31 65 67 31;
600s, 58 17 5 23 85 6 34 55 58;
600l, 34 17 7 32 34 44 34 31 58;
601s, 85 70 17 6 75 23 16 31 14 34 31 71 48 49 70 23 73;
601l, 31 65 30 21 31 20 44 31 17 51 31 24 57 76 70 20 26;
602s, 67 33 37 43 2 35 6 31 76 32 6 20;
602l, 18 27 20 19 27 33 76 77 31 31 62 49;
603s, 5 88 7 5 17 11 76 48 34 23 65 34;
603l, 49 88 76 65 62 23 76 23 61 53 5 12;
604s, 70 11 5 12 7 59 23 87 62 71;
604l, 20 87 5 76 7 70 23 23 85 31;
605s, 55 19 85 59 45 7 67 31 25 49 48 76;
605l, 17 19 49 58 87 7 56 31 69 61 52 76;
606s, 12 20 19 75 7 65 76 87 23 5;
606l, 44 48 79 84 7 37 35 62 35 34;
607s, 82 20 72 33 12 75 35 77 88 27 53 70 50 76 53 11;
607l, 82 46 90 33 76 31 34 77 70 37 65 70 16 14 20 45;
608s, 35 19 11 12 21 49 7 35 36 48 49 19 5;
608l, 35 31 58 76 21 2 7 12 70 18 49 24 76;
609s, 82 79 53 18 59 34 76 57 77 5 20 58 65 33;
609l, 82 79 53 6 17 88 35 57 48 31 31 67 49 35;
610s, 49 7 59 79 41 34 35 57 76 33 52 65 27 58 66;
610l, 49 7 2 79 71 52 35 24 17 35 34 75 55 20 18;
611s, 6 59 23 5 34 67 44 31 77 31;
611l, 43 2 89 88 43 2 19 17 34 19;
612s, 31 35 87 51 35 71 12 45 67 65;
612l, 15 23 27 77 12 31 12 31 66 37;
613s, 21 11 34 34 11 51 71 84 87 55 44 77 34 55 23 34 65 56 31 58 70 5 19;
613l, 65 74 43 35 52 70 3 32 31 17 49 24 70 55 23 70 37 23 88 52 51 31 19;
614s, 31 6 31 79 85 75 31 65 51;
614l, 33 11 24 32 70 19 16 24 67;
615s, 7 37 32 75 65 76 90 62 26 27 70 35 71 11;
615l, 7 66 87 75 65 49 73 65 54 19 32 31 50 11;
616s, 20 7 19 75 31 35 16 34 43 66 35 41 58;
616l, 5 7 24 66 32 49 85 45 48 43 55 23 88;
617s, 22 35 19 27 32 20 2 23 21 65;
617l, 19 33 65 65 31 17 34 76 52 78;
618s, 62 27 66 26 35 68 21 55 76 75 65 5 59 62 71 53 70 84;
618l, 62 55 31 90 12 72 6 32 70 85 76 7 34 21 17 34 31 31;
619s, 24 79 31 21 34 71 7 18 55 87 58 16 12;
619l, 91 18 36 62 34 74 24 18 55 57 21 16 12;
620s, 77 51 79 66 76 37 34 55 62 12 70;
620l, 77 51 85 11 31 34 34 51 62 76 62;
621s, 14 51 62 18 76 59 76 33 24 51 34 85 71 6;
621l, 23 2 23 88 35 44 12 49 57 37 20 23 24 24;
622s, 55 53 70 14 34 70 49 24 55 65 78;
622l, 61 31 20 6 74 19 71 23 7 32 56;
623s, 62 17 19 33 21 57 20;
623l, 18 44 77 55 65 24 51;
624s, 41 89 31 5 32 34 27 53 50 90 20 32 85;
624l, 41 46 21 17 35 85 31 37 71 68 19 35 57;
625s, 32 33 23 22 51 65 79 89 65 87 34 31 65 70 84 34 49;
625l, 85 35 87 44 23 65 51 89 34 48 24 74 35 62 19 24 70;
626s, 23 89 65 55 31 20 12 55;
626l, 65 85 71 88 16 62 12 65;
627s, 18 34 19 34 56 87 48 31 55 53 24 66 11 23;
627l, 18 7 32 7 56 59 48 45 76 53 35 59 6 27;
628s, 76 59 23 21 34 65 19 31 6 49 87 70 65 59 43 24 31;
628l, 35 56 57 19 3 48 53 53 76 49 62 67 5 70 32 71 65;
629s, 58 5 79 27 24 49 46 87 52 58 33 65 32 34 70 35 76 20 51;
629l, 65 23 70 23 27 74 16 48 34 58 49 34 12 34 23 35 31 20 23;
630s, 49 91 89 23 50 34 55 18;
630l, 6 27 31 23 71 37 32 31;
631s, 24 21 31 58 50 34 21 70 2 1 70 84 20 21 54 35 55;
631l, 32 53 3 70 32 37 17 16 2 6 2 53 20 50 54 76 34;
632s, 91 53 35 89 37 33 26 24 44 2 31 20 54 48 52 19 31 75 33 23;
632l, 24 34 76 32 12 76 90 65 68 5 65 53 60 48 34 20 65 79 35 76;
633s, 37 8 23 16 65 79 76 70 65 18 66 21;
633l, 76 19 31 44 20 48 67 20 87 48 66 65;
634s, 8 20 23 32 37 53 31 6 54 31;
634l, 82 17 23 57 76 34 16 62 23 32;
635s, 21 89 23 49 19 24 87 2 20 66 23 11 24 49 20 2 35;
635l, 6 32 31 19 70 71 48 58 20 31 17 85 71 35 49 2 49;
636s, 87 34 62 12 7 58 20 90 85 17 85 31 24 6 87 55 32 17 49 70 76 57;
636l, 44 43 67 49 7 65 44 73 61 2 21 77 23 3 45 55 70 17 49 65 11 3;
637s, 36 44 34 31 66 55 23 6 35 55 6 23;
637l, 34 31 67 31 24 24 31 87 33 33 87 31;
638s, 7 23 49 24 85 12 82 24 20 19 65 65 23 20 65;
638l, 7 37 51 57 51 12 82 70 34 31 31 48 49 49 6;
639s, 46 65 65 18 34 35 7 87 31 65 26 55 6 65 59 6 23;
639l, 85 65 70 32 2 33 55 6 17 70 26 49 31 58 58 61 53;
640s, 6 54 34 65 31 59 6 85 21 52 65 76 35;
640l, 16 25 31 56 34 51 23 70 62 65 70 35 33;
641s, 27 87 55 65 20 49 45 61 70;
641l, 27 49 55 21 19 70 35 31 77;
642s, 20 66 70 26 49 32 26 77 31;
642l, 32 66 31 38 31 32 38 55 61;
643s, 24 53 20 61 35 90 49 12 65 78 50 52 79 48 85 87;
643l, 87 65 62 89 31 68 34 33 55 7 58 84 31 6 18 87;
644s, 24 34 7 19 31 67 77 87 37 11 85;
644l, 32 55 7 11 65 67 55 48 87 37 34;
645s, 34 32 46 20 34 23 49 85 7 44 31 67 58 49 31 87;
645l, 52 12 50 6 49 52 45 84 44 44 48 67 34 31 48 48;
646s, 23 27 20 87 21 33 31 32 19 32 23 34 37 52;
646l, 30 18 65 87 18 35 49 12 22 49 17 65 34 48;
647s, 2 35 21 7 20 61 68 31 65 48 5 68 33 50;
647l, 70 49 84 7 70 87 90 46 31 87 67 68 21 71;
648s, 58 65 7 37 33 24 59 87 44;
648l, 58 37 7 37 35 71 34 45 31;
649s, 3 87 33 49 7 21 58 87 49 37 7 12 68 52 33 23 70 87;
649l, 57 85 56 44 7 7 33 84 17 14 7 12 90 53 56 74 53 79;
650s, 34 35 24 31 34 87 7 62 33;
650l, 65 49 31 58 65 45 23 87 32;
651s, 24 58 21 75 2 7 87 76 20 32 65 71;
651l, 44 61 23 79 61 23 48 77 31 46 52 24;
652s, 58 70 51 61 7;
652l, 34 31 57 65 55;
653s, 33 32 77 7 31 70 50 7 61 58 34 75;
653l, 79 35 77 7 53 33 21 7 85 65 34 31;
654s, 79 57 34 87 7 33 74 8 20 7 58;
654l, 44 6 27 24 7 67 61 38 70 84 31;
655s, 35 66 65 65 70 32 76;
655l, 2 66 5 62 70 5 32;
656s, 24 85 3 32 46 35 37 48 21 85 11;
656l, 23 31 31 76 55 55 65 5 65 85 11;
657s, 61 23 59 76 50 53 34 24 19 7 20 65 49 52 11;
657l, 49 31 65 76 50 20 51 12 84 78 20 77 51 65 89;
658s, 11 90 37 70 5 33 31 35 17 87;
658l, 76 68 49 49 65 7 53 76 17 44;
659s, 48 24 52 26 68 66 31 35 76 35 65 32 35 65;
659l, 20 57 65 54 90 88 31 76 49 35 62 87 55 62;
660s, 85 24 87 59 33 46 35;
660l, 45 24 49 57 49 31 12;
661s, 49 48 65 20 53 73 32 87 19;
661l, 31 17 67 65 56 92 45 65 19;
662s, 52 6 53 24 53 16 70 17 70 35 79;
662l, 85 6 79 57 53 34 6 6 65 55 11;
663s, 16 24 20 53 65 20 45 34 16 56 61 58 49 58 51 32 6 61;
663l, 31 32 20 21 61 70 11 19 70 23 75 32 76 32 19 27 71 31;
664s, 52 76 76 70 7 12 43 35 16 58 76 32 6;
664l, 70 17 17 65 7 12 20 19 23 23 62 20 7;
665s, 27 53 56 32 17 34 76 65 21 45 87 57 65 70 31;
665l, 19 31 16 89 31 7 35 85 87 45 21 75 19 65 16;
666s, 12 92 34 5 83 70 59 15 18 43 62;
666l, 76 92 66 51 83 65 31 54 21 70 37;
667s, 31 11 87 31 34 87 76 15 85;
667l, 56 20 6 16 70 6 76 15 23;
668s, 34 5 34 34 21 15 34 19;
668l, 84 61 11 53 65 41 34 7;
669s, 59 34 19 37 6 70 6 6;
669l, 34 84 34 48 20 70 6 6;
670s, 82 43 37 2 27 16 35 33 92 34 70 31 51;
670l, 82 31 45 7 20 23 76 34 8 34 65 44 32;
671s, 48 76 82 6 50 34;
671l, 46 23 92 45 79 34;
672s, 82 11 87 20 87 34 65 48 36 53 87 23 87 31 34 75 70 60 76;
672l, 92 21 44 65 62 34 70 87 20 31 87 19 87 23 70 23 48 41 35;
673s, 31 16 7 49 27 17 34 35 81 70;
673l, 33 65 7 7 35 49 51 33 73 70;
674s, 16 24 66 7 59 19 43 65 34 87 53 51 81 62 50 72;
674l, 31 57 21 7 7 34 23 17 61 23 14 70 81 66 17 68;
675s, 88 44 89 23 11 66 7 34 3 55 65 23 12 20 2 55 87;
675l, 88 35 24 51 71 61 75 31 44 76 70 50 49 66 32 50 31;
676s, 89 88 31 50 51 31 41 88 49 70 81 90;
676l, 49 27 77 50 2 61 8 88 76 23 73 90;
677s, 36 50 88 91 24 27 48 48 24 17 48 19 35;
677l, 70 23 62 57 23 55 58 55 23 31 20 37 55;
678s, 79 48 88 56 76 49 91 17 61 20 48 19;
678l, 79 84 76 51 58 49 57 66 49 34 34 23;
679s, 79 74 11 31 79 70 88 11 61 71;
679l, 12 57 6 53 79 70 53 48 53 33;
680s, 62 37 32 79 65 35 79 45;
680l, 23 62 24 79 65 76 12 45;
681s, 49 52 24 21 12 51 58 17;
681l, 23 34 24 58 76 27 21 17;
682s, 79 16 17 17 38 70 51 8 17 24;
682l, 51 23 55 55 4 31 34 9 3 57;
683s, 88 34 57 24 66 21 33;
683l, 23 7 74 57 20 58 33;
684s, 61 34 76 20 19 33 15;
684l, 31 79 51 58 23 33 15;
685s, 31 87 34 70 31 12 34 51 33 34;
685l, 49 6 37 2 31 31 7 53 55 52;
686s, 65 44 87 7 32 31 34 55 24 62 33 67;
686l, 19 31 48 23 12 31 84 55 31 12 55 65;
687s, 49 31 17 87 87 56;
687l, 49 65 31 58 65 45;
688s, 31 65 49 34 18 71 24 71;
688l, 57 57 56 57 21 17 57 71;
689s, 34 58 77 31 54 76 62 37 48 71 2 74;
689l, 34 7 34 31 57 76 23 31 27 71 53 23;
690s, 32 31 35 31 49 68 20 37 17 62;
690l, 31 31 33 33 51 68 20 31 23 2;
691s, 85 32 21 35 31 34 68 31 34 77 75 53 73;
691l, 22 61 61 76 65 52 81 87 19 34 19 34 73;
692s, 34 6 31 49 65 19 7;
692l, 7 49 16 55 53 58 7;
693s, 76 70 33 90 49;
693l, 55 53 32 68 49;
694s, 50 87 59 51 32 23 16 55 90 61 49;
694l, 21 48 17 11 35 76 31 27 68 32 49;
695s, 31 23 12 67 43 55 6 23 7 16 35;
695l, 31 7 35 70 34 27 11 23 85 23 33;
696s, 65 49 87 53 31 24 70 31;
696l, 37 11 45 31 45 24 34 37;
697s, 45 65 37 52 24 57 88 23 24 48 71 70 23 34 48 24 23;
697l, 11 66 7 43 24 57 88 58 32 6 71 65 20 16 87 57 23;
698s, 44 6 24 34 19 24 87 70 51;
698l, 43 57 57 34 23 57 31 70 3;
699s, 53 55 31 79 18 17 23 71 7 20 32 71;
699l, 53 67 31 32 87 46 32 71 59 23 12 27;
700s, 55 7 31 57 84 65 5 87 65 34 70;
700l, 49 55 19 18 20 57 20 21 23 58 34;
701s, 51 53 34 6 34 20 87 20 35 61;
701l, 61 53 79 45 79 31 45 31 35 78;
702s, 34 92 5 19 33 21;
702l, 75 82 58 20 35 24;
703s, 65 32 49 20 31 23;
703l, 84 32 55 27 44 61;
704s, 32 18 34 20;
704l, 65 46 53 27;
705s, 61 27;
705l, 31 44;
706s, 19 49 41 37 35 6;
706l, 7 31 41 65 33 57;
707s, 31 65 51 32 51;
707l, 49 53 79 78 61;
708s, 68 34 44 34;
708l, 81 34 44 19;
709s, 35 49;
709l, 33 27;
710s, 34 55 37 78 35;
710l, 43 12 66 78 33;
711s, 36;
711l, 36;
712s, 39;
712l, 39;
714s, 27 16 12;
714l, 27 16 12;
715s, 1;
715l, 69;
716s, 74;
716l, 74;
717s, 71;
717l, 71;
780s, 32 34 55 89 18 23 17 20 91 71 33 55 49 56 89 62 21;
780l, 32 32 76 37 77 23 23 58 23 71 24 12 7 78 23 62 18;
781s, 27 34 71 32 33 75 70 55 76 57 20 55 34 16 43 71 33 2 85;
781l, 65 2 71 23 35 19 65 35 76 67 31 34 34 58 56 27 33 21 22;
782s, 33 23 33 44 49 31 23 70 31 61;
782l, 35 61 76 19 20 67 20 75 79 65;
783s, 70 35 31 79 77 34 48 62 17 61 85 35 55 32 12 50;
783l, 56 50 31 79 31 77 49 27 23 65 23 76 34 67 88 50;
784s, 65 20 58 55 31 14 57 32 32 27 84;
784l, 43 88 31 55 55 11 71 38 12 32 59;
785s, 35 51 73 49 35 61 73 12 62 76 5 4 16 17 50 20 24 23;
785l, 23 58 38 55 33 21 38 12 6 76 24 68 16 33 70 19 34 58;
786s, 53 19 90 30 57 70 21 31 5 27 12 24 5;
786l, 53 77 72 74 24 19 56 23 34 32 12 27 76;
787s, 61 79 87 23 65 76 62 65 16 49 24 31 12 48;
787l, 43 34 87 55 67 76 35 33 61 49 49 21 71 18;
788s, 27 53 32 31 35 65 58 17 54 19 27 35;
788l, 31 34 49 19 14 20 58 11 9 20 23 55;
789s, 19 5 34 11 27 32 72 21 44 31 51 33 31;
789l, 31 70 7 89 67 33 90 87 23 14 91 17 87;
790s, 5 34 50 49 33 27 34 5 35 11 24 84 35 31 71 6 78 58 35 57 45 6 73 23;
790l, 58 53 50 17 33 12 75 32 55 70 23 31 33 20 24 49 19 55 55 49 11 62 72 35;
791s, 48 20 6 31 50 31 51 58 71 5 23 87 27 51 55 84;
791l, 85 20 6 21 55 77 23 75 71 55 36 6 27 51 76 70;
792s, 49 39 55 34 12 35 49 11 61 32 84 74 76;
792l, 49 39 55 34 76 55 2 31 79 85 70 23 35;
793s, 34 45 87 51 76 6 49 23 87 12 57 71 87 84 70 87 51 7;
793l, 44 23 76 66 23 23 65 24 45 12 31 23 76 84 34 76 23 7;
794s, 20 89 66 74 19 17 75 54 71 6 61 48 85 23 31 48 84 51;
794l, 65 89 44 23 21 24 84 17 71 49 51 87 46 16 85 87 34 34;
795s, 19 34 12 57 35 15 76 24 50 6 34 57 31 67 6 7 73 2 35 37;
795l, 44 7 49 57 12 15 35 57 34 48 51 24 85 76 49 84 73 76 55 58;
796s, 19 35 57 87 23 84 89 31 65 33 17 73 33 49 24 82;
796l, 56 31 22 6 65 88 52 76 65 35 17 73 35 49 49 8;
797s, 5 7 32 61 19 5 50 6 49 73;
797l, 2 34 7 23 37 2 49 49 55 90;
798s, 21 44 2 34 7 51 17 54 20 19 17 4 55;
798l, 34 49 2 65 34 34 49 10 66 19 55 4 49;
799s, 65 12 31 71 21 17 48 49 19 53 16 4;
799l, 89 76 31 50 23 31 23 70 49 2 16 90;
800s, 65 12 34 65 24 49 70 87 31 56 44 19 24 68 70 77;
800l, 19 33 6 70 57 49 67 6 31 51 37 79 49 90 76 70;
801s, 31 36 89 6 34 6 24 73 76 57 31 19 6;
801l, 30 7 89 12 19 23 57 71 55 17 2 75 76;
802s, 32 31 53 73 6 89 48 76 73 76 50 25;
802l, 35 31 53 8 70 23 85 52 71 76 31 54;
803s, 85 31 75 71 53 24 21 65 92 33 44 12;
803l, 85 23 19 30 32 49 23 70 82 35 61 49;
804s, 59 34 32 31 35 23 87 34 17 50 58 18 23 74 6 23;
804l, 59 34 18 44 33 3 21 34 76 44 65 6 65 74 23 23;
805s, 21 52 23 74 34 31 59 89 34 61 76 58 21 76 23;
805l, 20 20 11 27 34 11 59 34 34 11 58 51 31 58 33;
806s, 17 91 73 67 24 35 49 16 35 21 52 20 31 1 20 31 23 34;
806l, 24 91 90 44 44 76 49 27 76 21 34 76 79 54 19 79 20 51;
807s, 59 34 70 19 66 34 33 87 76 76 33 34 49 54;
807l, 31 59 70 77 65 34 76 6 12 75 35 70 7 25;
808s, 65 53 1 43 57 48 55 49 76 33;
808l, 70 45 54 43 24 44 35 17 33 35;
809s, 34 76 87 45 33 71 68 7 70 35 57 35 23;
809l, 71 76 71 49 32 71 23 36 55 16 32 16 23;
810s, 55 33 35 34 65 66 12 49 70 7 89 32 12 24 34 74;
810l, 55 33 37 34 65 34 27 16 34 58 34 65 49 74 77 31;
811s, 77 34 76 79 31 32 57 33 26 76 27 56 24;
811l, 31 51 31 61 70 35 71 51 54 59 76 23 76;
812s, 5 6 27 87 31 57 79 21 71 65 34 33 70 57 14 72 2 87 34 31;
812l, 55 49 20 49 77 24 61 59 21 87 55 76 21 23 85 54 67 89 55 76;
813s, 7 79 23 50 34 18 35;
813l, 34 61 51 76 34 23 35;
814s, 24 6 73 91 55 15 76 12 19 77 17 6 23 34;
814l, 57 6 73 23 35 4 67 76 44 66 70 62 37 43;
815s, 90 62 34 44 5 58 24 66 34 23 49 55 34 21;
815l, 81 50 19 16 34 20 91 43 27 75 62 35 53 75;
816s, 91 45 20 76 31 16 35 65 51 34 54 70 21 51;
816l, 74 6 44 71 31 44 55 76 19 59 54 34 67 51;
817s, 70 43 20 54 70 36 89 23 66 71;
817l, 32 37 20 3 7 67 6 35 66 71;
818s, 35 30 45 85 43 49 36 54 23 27 25 17 37 34 23;
818l, 35 34 6 44 44 31 65 38 35 17 54 3 61 70 50;
819s, 45 61 49 23 71 20 23 49 65 23 17 20;
819l, 87 61 67 17 58 58 70 31 2 17 55 87;
820s, 31 35 48 31 85 84 67 31 5;
820l, 31 12 65 76 34 11 34 31 66;
821s, 75 50 16 87 43 31 49 90 77 32 24 19 84 71;
821l, 76 23 55 48 23 66 32 68 23 35 32 35 23 17;
822s, 20 18 7 52 15 27 53 12 71;
822l, 46 50 56 85 60 17 19 23 32;
823s, 71 12 34 90 44 37 31 4 75 58 59;
823l, 35 12 88 73 44 67 70 48 70 21 59;
824s, 53 12 6 31 50 79 23 19 8 33 87 58 76 21 23 19 34;
824l, 34 27 6 49 31 70 23 7 49 12 45 21 76 18 65 35 34;
825s, 12 59 44 57 65 48 27 21 34 70 17 76;
825l, 23 70 31 24 66 21 70 48 34 34 23 50;
826s, 49 7 68 32 33 23 90 21 21 34 33 76;
826l, 33 40 68 32 33 51 81 5 34 65 35 59;
827s, 23 19 65 6 2 58 23 55 33 32 44 23 41 59 19 37;
827l, 44 65 65 11 65 58 65 55 35 35 33 23 15 23 31 76;
828s, 67 35 89 27 45 43 62 18 33 48 19 70 77 68 3;
828l, 59 32 89 76 48 34 67 85 58 48 55 33 27 72 50;
829s, 75 21 35 11 21 89 17 23 91 49 32 84 77 33 18 55 67 75 76 8 70 71 6;
829l, 65 21 6 32 6 89 6 31 49 35 12 85 66 35 18 20 67 88 49 55 65 33 82;
830s, 51 89 65 31 34 53 55 66 6 65;
830l, 31 89 53 34 31 66 67 65 21 20;
831s, 12 73 19 33 32 53 76 31 77 16 32 67 76 68;
831l, 33 73 89 55 34 88 37 19 7 16 85 65 35 13;
832s, 33 87 61 62 31 44 73 56 33 49 72 19 21 2;
832l, 35 45 49 70 27 49 60 61 21 76 72 23 11 34;
833s, 71 11 12 48 32 79 7 48 67 34 73 49 66 55 58 5;
833l, 54 27 33 87 32 65 67 6 58 16 73 49 76 55 55 70;
834s, 23 74 70 20 2 32 54 50 31 77 91 34 49 32 90 32 5 21;
834l, 20 74 23 20 76 32 1 32 31 37 74 16 49 76 8 34 76 27;
835s, 70 5 66 17 6 62 54 45 52 76 17;
835l, 23 31 37 23 17 58 54 45 27 2 34;
836s, 53 58 31 6 85 91 23 43 61 54 76 85 2 62 34 21;
836l, 27 76 24 49 87 32 35 19 70 15 76 49 19 58 5 48;
837s, 7 76 33 11 48 34 27 55 61 73 34 4 21 6 34 21 35 20 55 76;
837l, 20 76 35 45 31 79 24 35 61 72 79 70 90 76 59 76 49 44 23 35;
838s, 12 34 61 18 85 21 34 76 87 33;
838l, 31 65 7 34 6 58 70 35 76 35;
839s, 32 19 51 87 35 49 58 35 34 53;
839l, 27 31 27 49 76 35 59 35 52 51;
840s, 11 70 34 11 7 75 76 49 17 65 61 19 62 55 76 71 34 27;
840l, 21 65 37 21 34 7 76 33 32 65 66 20 48 35 35 31 48 2;
841s, 30 66 76 34 31 35 34 7 31 70 89 76 51 33 67 35 62 65;
841l, 57 27 76 34 49 33 89 58 31 27 45 85 65 35 14 76 48 40;
842s, 61 65 44 31 34 55 65 34 16 34 85 12;
842l, 58 76 44 21 75 27 48 70 16 79 85 75;
843s, 21 34 35 77 17 85 48 59 21 37 19;
843l, 33 77 33 40 35 87 87 34 76 53 20;
844s, 77 52 65 58 48 75 31 35 53;
844l, 31 11 31 16 6 32 49 33 58;
845s, 49 37 61 31 34 55 53 35 17 23;
845l, 24 37 21 31 2 33 58 35 17 23;
846s, 57 79 59 70 76 77 35 23 14 76 49;
846l, 71 87 19 23 2 7 33 31 76 33 19;
847s, 31 34 65 24 35 14 49 65 74 49 66;
847l, 7 2 34 49 35 70 19 70 24 35 76;
848s, 73 33 48 45 73 17 70 23 10 49 38 19 49 67 55;
848l, 90 55 48 32 90 65 35 51 10 35 15 61 76 17 34;
849s, 84 2 32 16 87 67 49 89 50 49 21 10 51 66 34 24;
849l, 70 31 32 49 87 44 20 51 14 35 56 10 51 65 16 23;
850s, 52 65 62 48 76 45 51 58 35 19 85 58 34;
850l, 21 36 18 48 49 76 51 48 31 77 61 48 34;
851s, 78 32 2 70 53 76 59 32;
851l, 58 70 43 70 49 33 76 46;
852s, 5 76 49 79 11 23 85 3 79 5 62 31;
852l, 7 49 49 34 50 24 31 3 34 88 49 4;
853s, 58 88 22 65 3 56 65 79 5 19;
853l, 34 65 11 34 31 56 33 34 66 19;
854s, 49 34 88 27 88 45 7 2 27 19 70 87 66;
854l, 35 21 70 27 59 87 17 2 88 79 49 87 20;
855s, 71 88 77 43 71 5 71;
855l, 50 34 77 84 44 67 44;
856s, 76 49 53 31 70 23 70 59 48 6 51;
856l, 76 44 70 31 24 33 65 19 33 84 23;
857s, 89 70 5 57 31 27 50 70 6 81 12;
857l, 5 88 71 23 17 53 35 23 62 60 33;
858s, 88 7 34 45 3 82 17 29 21;
858l, 19 7 31 71 23 6 71 82 16;
859s, 53 44 65 67 46 34 32 82 19 34;
859l, 53 66 65 67 48 31 32 82 34 7;
860s, 27 66 53 70 24 35 87 23 20 34 70;
860l, 57 12 53 76 70 11 66 58 76 2 65;
861s, 79 31 87 12 34 72 23 67 32;
861l, 58 31 48 33 19 72 35 65 33;
862s, 21;
862l, 21;
863s, 31 84 65 70 32 87 34 33 62 31 2 74 34 61 74 62 52 85 33 35 53 19;
863l, 27 49 49 21 17 32 75 76 87 17 34 49 7 48 76 87 34 85 35 33 53 84;
864s, 53 14 35 79 32 31 57 33 72 24 34 65 19 70 34 85 20 45;
864l, 53 43 55 55 35 31 27 35 4 49 51 66 53 18 19 6 53 76;
865s, 17 24 66 33 89 16 79 61;
865l, 35 31 34 35 23 69 34 62;
866s, 44 37 11 31 18 6 37 79 49 76 49 19 17 76 50 34;
866l, 57 89 65 76 48 6 66 70 35 44 20 76 35 23 76 59;
867s, 61 43 49 85 67 31 66 19 76 17 54 23 1 51 27;
867l, 31 34 49 76 2 88 34 76 4 16 4 12 60 33 65;
868s, 12 38 34 27 1 34 12 35 23 58;
868l, 35 20 65 49 60 19 12 33 77 79;
869s, 5 65 49 49 23 33 20 11;
869l, 48 36 23 23 76 55 71 70;
870s, 34 66 31 33 85 85 87 65 51 23 89 48 65 45 31 70 7;
870l, 37 18 32 49 6 76 87 66 51 17 84 58 70 48 55 76 23;
871s, 21 21 34 33 34 91 5 31 34 5 65;
871l, 55 24 34 35 52 91 16 20 34 34 23;
872s, 6 87 53 31 91 13 36 11 87;
872l, 53 21 19 32 24 68 7 52 48;
873s, 6 75 11 49 55 76 34 34 17 16 33;
873l, 6 65 79 49 35 19 19 53 49 37 48;
874s, 70 19 23 78 65 49 62 48 54 31 51 49 21;
874l, 22 62 23 31 7 33 20 61 54 66 51 35 58;
875s, 6 19 55 65 49 24 66 33 16 6 33;
875l, 6 18 55 35 6 49 7 35 37 61 35;
876s, 23 6 58 70 31 2 33 23 49 33 65 84;
876l, 27 18 7 87 32 59 76 35 12 35 31 19;
877s, 76 24 19 23 59 90 23;
877l, 79 35 31 24 59 45 23;
878s, 27 89 61 54 77 5 31 34;
878l, 32 85 85 15 66 48 70 34;
879s, 23 49 79 62 27 33 71 66 23;
879l, 31 24 33 6 24 35 76 7 66;
880s, 31 35 61 88 4 66 76 23 70 19 33 76 34;
880l, 31 35 56 34 54 53 76 66 53 62 35 12 88;
881s, 6 55 44 18 21 21 67 53 33 53 69 65 67 70 33;
881l, 87 55 20 37 31 34 67 34 35 61 55 70 85 34 35;
882s, 45 52 35 21 70 24 65 49 5 7 42 19 76 58 34;
882l, 11 21 35 34 49 44 34 44 36 34 8 65 20 58 33;
883s, 20 6 48 23 24 33 55 34 87 58 16;
883l, 51 44 17 76 31 12 35 59 53 34 31;
884s, 48 48 15 16 31 53;
884l, 35 6 15 31 77 88;
885s, 23 19 31 48 44 17 76;
885l, 76 37 77 34 32 31 76;
886s, 34 24 6 15 51 49 76 7;
886l, 34 12 23 54 22 71 67 34;
887s, 35 24 22 67 44 31 49 15 17 2 71;
887l, 76 23 87 7 71 34 61 15 70 62 44;
888s, 6 44 71 2 70 35;
888l, 76 44 17 62 70 76;
889s, 37 55 70 21 27 70 17 55 24 35;
889l, 76 35 34 20 70 25 32 35 76 76;
890s, 27 24 5 6 85 76 51 55 85 15 35 16 70 14 79 6;
890l, 62 32 44 62 85 76 51 58 51 54 12 27 31 6 59 23;
891s, 51 50 7 23 48 77 6 55 35 20 33 23 6 17;
891l, 88 32 34 50 34 65 85 35 55 20 23 27 23 12;
892s, 31 23 77 74 2 23 34 48 76 49 77 24;
892l, 31 5 20 49 70 84 19 11 55 35 23 16;
893s, 21 16 34 7 23 34 22 20 75 71 70 23 90 34 55 31 58;
893l, 58 84 43 74 84 43 58 35 70 57 61 16 68 49 55 20 36;
894s, 6 34 44 2 66 23 51 34 67 65;
894l, 45 51 65 7 65 24 48 76 34 50;
895s, 5 58 89 14 20 77 75 35 76 35 36 26 48 76;
895l, 70 55 20 19 7 19 85 33 35 33 75 9 89 35;
896s, 65 35 44 76 53 17 55 49 78 58 18 23 19 84 18 31;
896l, 19 33 49 55 20 35 55 79 2 2 65 76 70 49 65 19;
897s, 70 34 23 33 27 82 23 19 31;
897l, 7 7 32 35 27 0 37 7 44;
898s, 53 49 23 44 71 85 55 48 62 54 90 51 23 66 31 18;
898l, 37 32 27 44 17 56 27 21 48 60 68 34 65 49 24 44;
899s, 11 26 37 17 19 32 35 55 61 23 7 22 23 48;
899l, 52 90 32 31 23 31 35 33 89 61 58 53 51 65;
900s, 29 49 56 58 32 65 48 35 7 23 81 33 35 48 76;
900l, 8 76 56 61 36 67 70 33 31 51 90 35 35 70 76;
901s, 61 35 31 32 55 61 51 35 76 33 7 51;
901l, 61 23 14 49 76 65 19 76 85 35 7 51;
902s, 24 61 32 43 45 23 33 35 23 35 23;
902l, 57 65 70 16 45 16 35 12 55 12 46;
903s, 87 58 32 43 58 11 32 76 75 53 51 35 12 34 70 66;
903l, 48 33 32 67 52 6 32 76 18 34 19 76 49 76 34 35;
904s, 19 90 49 32 49 33 49 6 66 23 70 65;
904l, 45 72 35 32 55 61 55 85 66 58 55 34;
905s, 32 34 70 30 90 23 72 6 23 19 2 15;
905l, 27 2 32 45 38 19 38 35 33 19 27 54;
906s, 65 57 32 23 35 34 4 59 77 70 66;
906l, 66 91 20 23 33 34 4 66 24 51 65;
907s, 48 33 31 70 23 35 5 33 50 27 31 77 70 27 12;
907l, 70 35 19 70 33 65 67 27 87 46 17 45 70 49 37;
908s, 73 34 7 35 34 35 77 75 76 34 17 15 70 4 31;
908l, 90 58 49 33 19 33 34 70 34 19 17 54 88 4 21;
909s, 55 35 21 6 44 34 90 71 48 34 6 70 34 17 65 85 7;
909l, 27 76 84 85 49 65 60 32 45 19 85 70 7 31 70 7 58;
910s, 21 49 19 71 43 67 17 33 31 33 34 12 19 33 52;
910l, 56 49 70 35 23 37 49 76 53 67 34 33 19 76 31;
911s, 85 70 10 76 37 68 16 65 33 19 37 75 76;
911l, 21 31 26 6 65 68 85 87 35 51 31 23 76;
912s, 31 44 85 75 22 49 21 32 71 49 19 76 62 19;
912l, 23 53 19 34 57 55 49 58 55 33 51 55 44 31;
913s, 5 74 31 23 34 27 57 60 62 76 52 76 53 5;
913l, 7 70 31 23 34 27 44 38 29 20 18 12 20 7;
914s, 51 16 67 58 31 61 34 50 53 34 66 48;
914l, 34 75 57 32 53 61 70 16 79 34 66 45;
915s, 57 55 44 49 88 31 43 34 33 53 65 76 61 44 34 65;
915l, 84 53 44 55 2 31 58 44 35 88 21 27 23 23 76 56;
916s, 6 24 87 16 50 31 12 35 23 24 35 20 66;
916l, 31 41 48 16 76 19 27 55 35 71 49 20 66;
917s, 74 49 57 56 12 65 23 34 32 55 49 67 53 32 34 23;
917l, 74 49 23 56 44 49 16 51 35 76 76 32 53 35 76 71;
918s, 43 34 23 8 79 34 19 27 23 48 33 53 66 18 17 48 23 20 66;
918l, 34 58 16 29 11 32 70 53 71 48 33 23 85 48 17 48 33 52 76;
919s, 17 33 24 23 76 84 38 31 39 61 35 17 66 87;
919l, 23 55 31 50 31 37 62 4 8 31 55 27 44 76;
920s, 34 6 33 65 34 70 2 24 19 35 34 66 70 76;
920l, 6 20 33 58 55 23 52 57 61 31 67 66 24 70;
921s, 75 24 35 31 44 19 77 6;
921l, 58 21 33 70 34 65 65 32;
922s, 32 54 61 43 24 35 35 31 33 35 23 76 49 56 36 27 23;
922l, 17 25 22 58 24 55 35 17 18 12 61 32 69 56 7 75 23;
923s, 43 24 57 34 79 43 48 31 53 55 24 54;
923l, 27 11 23 19 52 19 87 7 53 65 23 25;
924s, 20 79 24 55 35 37 77 79 48 17 27 35 60;
924l, 53 19 23 76 55 53 77 70 55 17 40 33 25;
925s, 19 79 76 20 35 57 8 56 27 55 49 20 21 34 45 12 31;
925l, 16 70 33 76 33 74 8 56 12 88 33 31 6 48 86 35 65;
926s, 49 79 11 6 75 17 11 49 31 33 66 56 53 90 11 49;
926l, 44 84 18 7 51 49 6 49 55 14 66 37 53 68 66 49;
927s, 31 76 36 20 44 76 5 78 20 70 8 55 4 31 33;
927l, 17 48 76 34 44 55 7 78 20 7 8 88 71 7 58;
928s, 65 87 70 61 37 52 35 71 20 68 70 4 55;
928l, 67 45 70 6 37 32 55 71 58 90 44 71 55;
929s, 59 65 49 35 21 87 21 6 48 21 61 60 78 34 87 33 34 55 61 71 19;
929l, 59 53 58 33 65 33 32 6 58 35 31 90 37 70 33 35 79 55 58 45 31;
930s, 59 52 90 85 55 4 66 23 27 12 4;
930l, 31 65 68 85 32 4 11 27 16 35 4;
931s, 89 87 32 43 65 87 76 27 67 14 65 57 53;
931l, 61 58 55 58 21 57 5 27 55 53 75 57 70;
932s, 65 74 11 48 70 34 31 55 49 37 6 34 12;
932l, 65 6 34 87 70 50 23 55 76 67 33 53 33;
933s, 23 11 57 11 87 84 34 57 65 71 4 5 67 5;
933l, 46 24 24 24 58 84 70 91 70 58 3 5 20 35;
934s, 23 7 85 5 27 89 35 55 44;
934l, 17 34 84 70 34 87 33 24 45;
935s, 53 51 27 23 61 34 37 68 61 31 67 35 34 48 65 20 26 21;
935l, 19 32 19 55 16 34 53 68 16 45 67 35 7 75 33 20 26 18;
936s, 84 38 19 7 76 67 6 87 27 7 67 84 44 19 67;
936l, 85 32 19 70 87 67 85 48 50 65 88 65 61 37 58;
937s, 21 19 76 67 89 27 21 27 19 20 35 8 23 35 79 70 75 51;
937l, 65 11 76 33 49 27 32 23 37 14 33 34 23 33 7 67 34 66;
938s, 49 6 7 27 23 76 31 20 6 19 72 49 8 19 76 65 7 76 34;
938l, 18 55 88 27 24 31 31 52 35 19 68 23 90 70 35 31 58 76 31;
939s, 55 32 70 58 31 24 27 65 6 27 12 31 44 76 6 7 32 20;
939l, 65 65 57 34 31 14 34 66 6 55 37 44 35 33 73 58 55 20;
940s, 19 55 85 31 2 67 27 44 6 35 55 79 11 12 61 48 15 48 27 44 12 34;
940l, 76 55 18 23 70 19 55 49 6 34 35 67 6 33 61 87 8 76 35 27 23 23;
941s, 65 31 19 70 55 32 91 17 57 88 32 20 37 87;
941l, 70 31 76 34 65 55 24 23 57 31 27 71 20 57;
942s, 76 58 19 74 61 57 7 48 33 17 24 65;
942l, 76 58 65 91 35 57 55 87 49 17 23 87;
943s, 58 76 35 70 11 49 58 35 23 6 23 24 34;
943l, 53 76 35 33 31 58 70 65 88 34 61 17 31;
944s, 17 57 31 76 12 19 33 23 53 23 51 58 7 27 58;
944l, 66 49 31 32 49 19 55 20 11 23 7 11 5 27 65;
945s, 58 11 18 34 65 76 19 65 32 7 71 76 7 6 34 20 75 58 27 76 58;
945l, 49 67 6 55 53 35 2 34 34 34 24 76 67 48 34 62 58 65 71 24 19;
946s, 12 11 35 48 19 49 33 34 37 49 17;
946l, 27 65 35 52 19 89 55 70 48 70 17;
947s, 34 50 6 35 49 8 23 54 53 16 34 46 19 71 24 70 89 34;
947l, 70 32 80 27 7 29 37 47 33 14 34 31 49 76 35 75 22 58;
948s, 5 34 24 44 46 35 58 75 34 27 87 72 45;
948l, 11 70 88 23 45 6 55 78 36 65 45 90 23;
949s, 6 37 65 89 71 70 65 31 65 44 20 70 34 17 27 65 61 34 49 54 14 17;
949l, 70 37 21 33 24 24 66 31 87 44 14 31 88 17 65 65 55 53 76 47 70 76;
950s, 85 16 66 45 58 70 22 23 65 31 71 2 65 85 90 65;
950l, 87 70 61 48 34 35 7 61 65 5 23 76 50 88 73 52;
951s, 55 31 33 51 17 23 72 34 84;
951l, 49 37 33 32 31 24 73 59 37;
952s, 55 19 3 52 18 70 49 6 65 61;
952l, 49 19 3 34 16 11 55 24 20 31;
953s, 34 50 6 17 65 49 24 43 35 7 65 71 65 2 12 20 65 57 16 61;
953l, 7 34 21 32 67 49 31 37 76 20 67 23 5 2 33 23 34 57 31 31;
954s, 17 33 19 71 34 58 5 34 16 23 55 79 6;
954l, 24 35 19 23 70 70 65 58 31 34 12 35 34;
955s, 19 32 34 75 11 44 17 65 32 14;
955l, 77 32 33 75 61 70 17 32 31 14;
956s, 68 66 31 27 71 65 32 49 35 48 32 76 87 6 37 34 7 18 14 31;
956l, 32 77 12 49 24 52 19 76 12 65 36 70 65 87 87 70 31 31 14 55;
957s, 59 32 50 31 44 16 55 11 6 76 20 35 49 26 5 44 48;
957l, 5 44 84 70 19 16 34 48 65 88 20 33 37 90 70 50 6;
958s, 6 33 20 51 44 71 6 31 17 87 76 20 32 7 23 33 76;
958l, 21 23 19 34 34 76 17 76 57 31 35 32 27 49 44 35 35;
959s, 87 5 24 16 49 32 3 7 11 55 3 76 65 25 70 14 35 34 70 31 35;
959l, 31 49 49 16 3 67 23 5 66 49 3 27 70 67 65 89 35 7 65 37 35;
960s, 89 16 87 33 34 32 17 49 66 58 85 23 65 65 34 31 5 70 2;
960l, 34 18 48 35 5 32 71 7 65 6 19 16 36 67 51 19 70 5 70;
961s, 34 6 87 33 65 24 33 35 53 41 55;
961l, 88 90 7 76 35 17 76 12 11 4 31;
962s, 58 76 50 41 76 88 61 7 23;
962l, 67 76 23 41 65 65 66 31 71;
963s, 87 58 88 34 45 44 49 65 47 62 23 88 48 41;
963l, 45 31 37 70 52 65 89 37 47 23 67 23 87 4;
964s, 45 31 19 61 78 76 76 19 66 33 55 23 65 32 23;
964l, 79 77 34 58 71 58 35 49 21 35 55 31 31 37 55;
965s, 35 71 54 27 31 54 74 32 23 6 33 88 54 7 72;
965l, 49 71 25 44 7 47 3 55 70 32 35 19 54 35 72;
966s, 6 34 17 51 89 56 35 23 31 85 70 59 2 35 54 20 79 23 4 70 31 72 75;
966l, 51 31 17 34 89 31 33 70 34 6 52 34 88 35 24 66 19 70 76 88 20 72 58;
967s, 21 56 31 46 25 32 70 65 23 22 35 50 89 71 44 33 17 65 20 6 2 33 16 59;
967l, 44 31 34 48 25 35 6 49 50 11 55 49 84 18 44 34 23 53 33 62 88 35 32 20;
968s, 61 23 20 61 70 22 48 73 75 61 31 51 79 27 7 57 12 87;
968l, 24 23 62 85 2 49 48 72 22 23 70 87 32 27 65 23 49 87;
969s, 44 37 23 16 5 67 44 53 31 48 32 23 49 7 32 27 90 49 76 65 6 37 35 27 76 55 67 23 35;
969l, 88 7 23 32 36 21 78 70 66 34 32 84 76 7 70 27 44 32 33 33 70 31 12 27 49 76 59 35 12;
970s, 61 53 44 73 19 65 2 27 61 7 76 65 31 17;
970l, 61 34 44 90 2 48 2 27 21 7 33 31 61 17;
971s, 49 23 35 73 90 65 87 44 27 89 70 37 73 57 32 34 90 76 75 16 53;
971l, 49 70 35 90 69 37 62 16 27 34 34 18 72 24 55 70 73 6 76 57 16;
972s, 2 27 65 19 31 34 77 7 65 35 58 55 70 22 8 20;
972l, 34 7 62 19 53 65 31 2 58 33 20 67 70 34 8 70;
973s, 84 48 31 27 65 35 87 19 44 35 24 22 76 32 65 87 51 41 23 18 70;
973l, 34 49 23 66 65 32 6 37 44 27 32 70 59 32 52 6 32 41 57 49 58;
974s, 35 50 67 55 37 65 52 34 56 49 65 88 62 89 33 35 65;
974l, 35 59 33 33 65 5 87 37 56 37 31 23 6 49 35 76 50;
975s, 55 52 33 65 27 49 87 49 22 27 65 41 49 66 76 49 31;
975l, 79 34 33 34 31 65 58 23 34 27 48 8 3 3 55 59 85;
976s, 84 55 66 49 70 33 91 29 70 65 50 49 51 13 7 32 88 12 32 34 24 56 32 88 35;
976l, 11 31 75 23 32 49 91 29 23 65 49 35 62 47 31 23 85 70 35 75 27 20 23 85 33;
977s, 29 34 21 20 61 53 70 23 21 29 19 21 27 70 32 16 27 76 67;
977l, 39 7 58 23 17 58 37 19 56 63 19 35 87 65 33 46 27 33 76;
978s, 34 91 24 67 17 32 23 76 31 44 10 88 7;
978l, 32 23 7 53 59 35 24 23 20 49 15 2 85;
979s, 23 18 50 23 2 51 35 6 52 23 85 75 32 41 76 31 19 29 57 65 64;
979l, 49 32 35 33 58 34 35 70 48 27 6 65 55 4 21 35 34 8 12 21 64;
980s, 70 37 19 23 55 85 89 49 35 76 70 87 33 34 55 7 49 87;
980l, 23 19 34 49 23 79 87 43 27 21 18 34 55 37 55 67 24 89;
981s, 57 70 49 6 34 11 59 46 57 76 18 55 56 65 53 73 65 21 58 72;
981l, 7 35 76 58 34 87 34 23 49 32 6 11 31 65 53 4 65 65 65 26;
982s, 17 7 57 50 66 23 77 70 35 6 6 65 37;
982l, 17 35 45 24 71 34 62 2 33 49 76 65 65;
983s, 17 66 35 53 65 35 6 21 35 49 67 5 73 12;
983l, 23 71 35 34 75 35 3 46 23 17 66 76 90 49;
984s, 88 58 85 76 19 21 88 45 35 59 2 54;
984l, 88 65 85 70 23 19 55 71 89 35 2 54;
985s, 21 35 22 76 35 52 31 46 6 32 34 31;
985l, 21 35 23 33 35 5 70 46 6 2 31 85;
986s, 23 6 31 69 21 2 6 65 11 23 31 55 2 58 37 24 49 24 54 71;
986l, 49 32 43 24 58 20 21 65 20 87 31 27 36 55 7 57 32 57 54 31;
987s, 71 70 76 70 65 21 72 35 70 36 35 65 57 58 33 31;
987l, 71 35 65 35 70 48 72 34 7 36 35 65 88 58 27 87;
988s, 77 69 33 35 31 21 34 33 91 70 58 8 6 37 54 31 7 66;
988l, 70 54 27 27 17 70 31 33 31 2 20 8 70 37 25 35 7 34;
989s, 55 71 37 23 79 6 6 24 49 11 34 6 19 33 20 18;
989l, 36 32 65 19 34 18 70 33 4 58 70 34 19 33 62 65;
990s, 24 61 43 58 44 55 7 75 87 53 27 59 76 34;
990l, 32 77 85 5 45 24 87 53 58 53 50 2 35 37;
991s, 49 55 76 91 85 87 10 67 23 75 21 87 52 34 35;
991l, 65 23 23 24 76 45 35 70 24 37 65 87 34 58 76;
992s, 31 21 51 35 52 55 16 35 70 51 44 34 16 20;
992l, 66 65 33 70 31 33 31 50 5 23 44 61 23 49;
993s, 32 11 6 21 73 17 35 17 65 16 57 31 51 76 20;
993l, 35 35 65 31 90 31 14 17 75 16 61 31 14 35 87;
994s, 70 5 21 33 81 70 27 5 48 17 56 31 20 16 33 55 91 51 88 90 70 34 31 66;
994l, 49 88 66 32 9 49 17 7 58 71 33 76 23 31 65 55 33 51 34 26 2 87 14 32;
995s, 70 27 21 87 18 49 35 70 32 51 70 23 20 6 70;
995l, 61 79 32 32 21 35 35 77 27 51 19 62 65 65 34;
996s, 12 49 34 49 65 33 2 73 87 35;
996l, 49 12 34 87 65 55 2 6 76 33;
997s, 44 34 23 7 33 19 6 44 70 34 19 33 32 61 76 24 12 2 23 11;
997l, 57 19 23 20 33 37 11 43 21 34 19 33 12 61 46 57 33 88 27 58;
998s, 6 55 65 19 51 27 85 91 53 31 49 2 87 24 55 11;
998l, 23 33 70 37 31 27 6 33 53 21 35 58 58 23 20 58;
999s, 24 19 53 6 77 17 55 65 23 18 37 53 45 65 76 44;
999l, 74 19 53 11 62 17 14 62 70 31 52 34 21 20 32 17;
1000s, 46 55 77 33 35 19 31 17 66 65 49 17 71 65 68 27 84 45 51 20 61 65;
1000l, 49 55 31 33 76 31 31 11 19 49 55 27 89 16 90 27 14 8 61 23 85 75;
1001s, 21 55 51 37 17 19 27 31 49 33 34 31 22 57 31 34 27 73 6 5 35;
1001l, 21 6 61 67 58 37 53 16 16 35 76 31 55 60 79 65 87 90 33 87 33;
1002s, 32 17 6 27 78 45 57 66 32 24 6 35 33 6 49 58;
1002l, 89 31 70 33 36 19 57 7 36 17 70 76 33 70 17 19;
1003s, 17 34 70 52 91 45 31 52 58 87 24 14 19 6 34 75 45;
1003l, 17 58 65 70 91 23 31 31 65 23 57 16 19 70 70 77 49;
1004s, 36 52 70 66 21 19 24 85 2 17 32 35 91 70 49 6 76 65 68 36 85;
1004l, 5 58 34 49 78 19 12 23 2 23 65 33 17 33 6 34 12 34 90 5 85;
1005s, 52 34 70 31 19 37 17 47 65 58 32 21 19 53 34 52 58 70 85 20 31 23 34 70 78 23;
1005l, 67 67 55 69 70 20 52 72 70 70 35 21 55 53 34 55 70 66 85 70 31 14 75 48 78 14;
1006s, 17 24 31 71 57 75 19 53 58 23 34 87 31 20 23 78 31 89 24 23 54;
1006l, 84 57 31 71 84 85 19 34 44 23 16 52 70 20 14 34 70 33 24 87 54;
1007s, 70 21 34 45 57 31 71 24 19 23 70 21 87 34 31 34 17 55 48 23 31 24 21 6 34 62 22;
1007l, 31 87 16 55 24 5 71 32 67 17 88 70 24 66 31 55 17 34 65 76 11 57 20 87 7 23 34;
1008s, 52 35 19 6 3 34 11 35 71 65 31 89 34 7 33 17 37 65 76 68 76 24 76 65 24 70 45 14;
1008l, 2 34 19 34 50 65 48 27 49 65 87 85 70 70 12 12 2 77 19 68 35 57 35 65 17 12 45 61;
1009s, 34 76 31 34 19 3 7 24 35 71 58 76 17 50 68;
1009l, 70 19 53 7 19 3 34 32 35 23 34 27 17 50 90;
1010s, 61 6 71 7 24 88 6 33 57 45 6 72 19 87 76 33 45 55 17 35 33 76 49;
1010l, 14 34 33 70 32 76 11 34 57 45 12 90 45 76 35 35 45 25 17 65 35 35 49;
1011s, 43 21 6 17 45 84 27 34 48 6 17 65 51 7 34 53 54 33 2;
1011l, 70 61 76 17 87 87 27 22 65 6 87 65 34 36 21 53 54 76 2;
1012s, 61 6 66 35 34 32 65 7 57 17 31 87 76 70 51 34 23;
1012l, 23 70 70 33 59 66 70 65 24 24 31 48 27 19 49 33 85;
1013s, 65 37 31 88 27 7 70 34 65 37 48 17 2;
1013l, 70 37 32 65 6 65 19 77 70 89 45 6 20;
1014s, 52 70 53 65 91 37 61 43 6 57 21 37 31 65 52 34 49 37 65 71 45;
1014l, 70 17 5 70 19 23 56 34 61 24 34 37 50 34 34 33 35 55 70 17 48;
1015s, 22 31 55 6 57 58 65 31 37 51 71;
1015l, 34 31 55 87 46 67 70 76 55 7 24;
1016s, 17 34 6 31 65 32 44 17 76 33 31 88 12 33 45 49 71;
1016l, 17 55 55 23 55 70 31 20 12 35 53 70 35 12 70 31 35;
1017s, 23 52 84 17 87 32 53 31 85 48 34 12 49 53 20 52 87 6;
1017l, 32 31 84 41 31 77 34 31 21 5 32 27 49 53 49 21 6 20;
1018s, 17 53 65 7 31 56 24 37 61 52 70 31 33 77 61 6 49 48 61 7;
1018l, 34 67 32 34 31 85 23 31 79 17 70 34 55 70 19 6 89 49 19 7;
1019s, 51 18 19 54 24 7 31 87 21 23 79 5 27 52 65 5 65 57 3;
1019l, 49 32 44 4 70 34 20 6 21 24 34 44 17 34 65 34 43 23 3;
1020s, 23 23 32 43 31 48 25 33 21 18 20 70 76;
1020l, 16 16 21 53 34 23 54 32 58 16 58 31 21;
1021s, 65 77 34 32 85 65 34 91 37 23 56 27 18 12 22 34;
1021l, 65 65 43 14 23 65 43 33 18 36 88 12 20 35 23 70;
1022s, 50 51 24 27 55 12 51 77 45 35 6 67 55 68;
1022l, 70 34 44 12 35 12 51 77 32 33 70 67 35 60;
1023s, 24 34 37 23 21 87 20 52 34 24 51 76 37 76 24 85 34 65;
1023l, 44 23 31 67 70 34 16 34 48 23 16 58 12 67 65 35 65 67;
1024s, 77 52 49 23 43 37 24 20 52 19 70 44 77 5 43 34 76 19 77 53 21 19 7 27;
1024l, 76 53 89 33 61 20 4 49 53 21 70 77 66 32 20 59 58 67 65 56 21 65 34 33;
1025s, 87 44 49 23 34 24 53 6 19 23 58 49 67 89 35 27 87 62 35;
1025l, 6 56 48 71 53 24 70 33 19 78 58 35 61 35 2 33 20 70 55;
1026s, 31 23 45 24 51 23 31 65 27 87 90 7 27 19 58 33 7 53;
1026l, 31 37 23 32 70 33 18 19 77 65 90 88 27 16 44 76 59 53;
1027s, 24 71 12 27 43 87 49 57 89 37 19 31 49 61;
1027l, 34 32 58 36 34 31 23 6 7 20 80 31 23 53;
1028s, 71 70 31 66 51 52 34 70 43 24 31 23 79 90 4 23 44 49 23;
1028l, 31 31 31 58 51 37 7 35 58 49 35 62 34 73 12 65 12 56 35;
1029s, 23 57 31 48 51 21 49 3 71 31 12 53 2 35 61 2 33 70 59 70 35 6 76 53;
1029l, 7 57 87 48 32 33 71 49 12 31 67 67 27 33 85 33 35 51 58 51 46 34 55 53;
1030s, 31 68 61 66 70 43 53 49 20 16 37 69 23 6 24 31 56 67 57 23 33 76;
1030l, 78 90 85 58 70 65 70 49 70 16 65 69 71 70 49 31 85 19 48 79 35 12;
1031s, 20 43 23 17 69 22 44 16 87 31 20 57 49 43 88 14 34 67 31 33 17 31;
1031l, 31 34 23 31 54 58 49 16 35 27 58 50 35 34 53 43 65 67 50 34 75 19;
1032s, 59 31 61 49 23 56 46 43 37 49 18 12 6 48 6 57 33;
1032l, 67 79 85 53 66 56 49 34 84 70 21 35 90 67 50 21 33;
1033s, 91 23 31 43 20 76 88 65 18 65 37 32 6;
1033l, 34 34 65 19 58 76 20 43 11 67 65 55 6;
1034s, 31 43 53 37 87 88 11 34 27 6 65 85 23 61 85 35 50;
1034l, 20 59 2 65 57 88 58 51 55 70 70 20 70 57 20 55 23;
1035s, 21 49 53 33 26 49 58 57 52 81 76 70 65 19 31 58 32 27 57;
1035l, 85 37 70 35 26 33 70 57 34 48 76 70 19 34 54 65 87 27 71;
1036s, 26 37 23 49 84 57 76 16 26 33 49 70 22 67 70 32 11 6 21 6 16 34 87 58;
1036l, 26 7 70 49 23 57 12 65 24 35 16 70 65 59 88 70 6 91 88 6 84 70 48 34;
1037s, 57 48 56 33 84 34 27 57 11 21 12 91 32 39 34 20 45 24 57 58 76;
1037l, 23 55 56 35 85 65 27 12 11 34 35 24 65 63 55 58 79 32 24 55 35;
1038s, 50 56 2 76 33 49 37 14 55 49 59 34 2 35 87 24 59 41;
1038l, 7 56 19 67 70 35 37 65 37 5 59 19 17 33 51 57 27 54;
1039s, 53 27 65 6 84 49 23 58 43 2 37 90 65 20 87 7 34 21;
1039l, 7 79 58 58 34 62 49 34 85 17 75 68 49 30 49 34 70 58;
1040s, 27 36 79 85 37 65 31 33 84 19 7 24 65 32 55 34 76 65 19 20 21 66 31 70 37 41 49 31;
1040l, 55 36 34 34 23 49 50 35 34 19 85 57 24 70 35 44 35 65 19 58 62 18 56 51 84 41 70 6;
1041s, 37 34 84 51 65 55 70 31 49 17 51 52 32 31 19 32 65 76 53 57 12 6;
1041l, 37 70 18 51 65 35 55 49 70 17 23 65 33 19 34 35 70 49 23 24 27 34;
1042s, 37 65 79 37 11 34 46 23 48 66 70 23 65 12 76 51;
1042l, 55 88 31 23 18 53 20 35 32 70 58 45 70 33 55 53;
1043s, 49 18 19 34 21 24 33 85 32 90 81 8 35 12 67 58 69;
1043l, 35 65 49 7 61 23 35 33 35 68 48 6 35 27 57 49 69;
1044s, 23 37 12 71 65 49 51 90 85 45 58;
1044l, 33 65 49 33 53 21 2 68 35 34 89;
1045s, 89 23 37 17 58 61 71 31 23 5 91 20 34 16 17 70 41 69 6 65 87;
1045l, 23 54 48 58 35 48 23 70 33 5 87 23 7 23 41 49 9 69 53 70 87;
1046s, 37 52 33 23 39 88 87 69 33 6;
1046l, 65 70 33 88 54 85 62 69 33 85;
1047s, 31 27 21 33 44 24 22 32 19 33 50 23 89 85 53;
1047l, 6 12 6 35 31 31 53 7 59 55 27 24 66 2 18;
1048s, 19 23 27 85 32 70 16 33 19 41 27 32 21 34 85 19 34 7 46 19 52 58;
1048l, 52 7 45 85 87 6 18 35 46 41 36 55 59 31 2 53 32 7 53 59 23 67;
1049s, 65 34 35 32 24 65 36 35 41 34 67 89 89 85;
1049l, 7 31 24 55 32 33 23 55 49 34 37 6 6 11;
1050s, 25 32 24 66 27 77 34 27 33 62 27 32 51 27;
1050l, 86 70 23 65 27 3 55 27 34 11 23 24 57 85;
1051s, 87 16 23 90 34 70 46 85 71 35 58 67 91 34 76 56 58 54 57 35 18 12 78;
1051l, 17 65 85 68 84 58 53 17 71 35 62 67 24 70 35 56 6 54 70 32 61 12 17;
1052s, 50 57 24 76 70 18 23 71 21 34 85 67 90 69 49 65 33 36 70 48 56 48 34 54;
1052l, 31 31 35 35 65 62 49 55 21 59 85 36 73 69 12 43 27 27 70 61 33 61 51 25;
1053s, 60 32 6 60 49 89 61 34 49 54 79 32 53 65 20 32 36 8;
1053l, 86 62 6 86 31 89 7 23 31 13 2 55 23 59 37 35 70 8;
1054s, 15 85 18 49 77 58 65 2 49 6 71 34 23 91 89 24 7 70 32 85;
1054l, 28 85 11 55 77 59 65 19 55 32 71 22 50 91 7 32 67 32 35 56;
1055s, 5 70 59 65 6 56 77 89 49 12 70 21 65 7 71 34 90 79 65 49 71 51 35 5 7 34 91;
1055l, 70 58 59 20 32 56 77 33 35 70 58 16 20 58 55 78 60 58 65 35 71 66 12 36 7 19 91;
1056s, 24 59 46 48 71 37 56 76 48 43 51 70 27 6 21 7;
1056l, 32 59 31 5 71 19 56 49 87 34 55 53 32 17 21 61;
1057s, 18 27 53 37 22 71 90 23 33 22 53 7 21 34 59 89 14 12 7;
1057l, 31 27 53 20 31 27 26 35 35 70 53 7 21 66 5 7 48 77 61;
1058s, 71 33 58 34 49 32 53 59 20 35 49 70;
1058l, 6 35 23 7 91 35 20 87 65 55 6 19;
1059s, 65 6 79 23 49 65 34 37 71 23 69 78 34 65 70 6 21 47 33;
1059l, 65 45 34 34 12 33 52 65 23 33 69 34 34 11 19 65 20 24 55;
1060s, 74 32 35 23 31 24 79 59 2 12 34 27 66 7 49;
1060l, 74 35 55 87 51 70 85 34 70 33 78 27 45 49 55;
1061s, 23 33 18 69 22 37 89 17 57 32 23 16 33 87 48 67 33 34 7 21;
1061l, 12 37 87 85 34 65 34 32 32 49 35 23 49 32 5 34 35 7 34 70;
1062s, 19 70 48 19 21 44 79 25 35 68 12;
1062l, 59 58 55 35 65 70 31 54 49 68 34;
1063s, 73 34 85 90 24 79 32 57 33 6 32 37 22 70 32 5 3 56;
1063l, 68 53 34 90 30 85 33 23 35 18 32 57 7 34 33 59 3 31;
1064s, 11 32 35 87 34 62 34 8 70 68 87 8 33 43 19 85 24 11;
1064l, 6 23 33 6 34 75 35 57 11 48 51 8 27 19 22 11 91 48;
1065s, 17 70 23 85 52 32 24 41 21 20 85 23 19 24 11 70 6;
1065l, 17 77 19 33 34 23 20 54 19 57 85 37 23 87 48 27 33;
1066s, 32 23 17 68 20 23 90 72 70 34 12 52 49 87 88 23 65 51 6 55;
1066l, 35 37 32 90 57 35 90 90 58 53 12 34 32 48 70 24 65 51 23 67;
1067s, 34 32 31 70 5 17 88 85 70 51 32;
1067l, 51 56 35 58 65 17 20 33 70 34 35;
1068s, 19 85 33 53 24 23 33 34 90 35;
1068l, 19 85 58 66 17 33 32 34 68 55;
1069s, 37 62 18 71 62 6 32 33 79 49 32 42 55;
1069l, 67 6 56 71 40 33 27 55 85 20 70 42 32;
1070s, 62 85 57 75 32 33 88 14 23 11 6;
1070l, 12 23 70 35 27 35 77 12 18 19 85;
1071s, 17 34 5 30 11 6 49 34 43 4 34 19 24 44 87;
1071l, 32 34 33 23 62 35 20 65 33 55 85 53 23 65 48;
1072s, 19 58 6 32 44 87 23 37 44 58 7 87 33 11 58 58 70;
1072l, 31 70 20 52 65 20 70 37 20 65 55 48 35 19 16 16 55;
1073s, 23 53 70 10 23 57 8 6;
1073l, 17 35 70 10 37 62 82 20;
1074s, 85 4 7 87 32 11 2 16 23 85 35 32 48 23 31;
1074l, 65 11 85 55 55 84 18 55 27 6 12 35 34 6 16;
1075s, 15 6 57 17 85 32 45 55 34 48 62 57 6 78 70 58 65 32 46 6 48;
1075l, 28 23 50 17 89 35 34 27 59 34 67 57 85 84 5 33 23 66 23 23 35;
1076s, 60 79 77 33 43 37 87 33 49 10 57 65 45 70 6 36 32 6 75 65;
1076l, 54 85 34 35 59 23 45 33 17 73 70 65 70 67 23 70 35 34 65 58;
1077s, 70 23 57 70 27 16 31 34 24 55 90 33 33;
1077l, 34 2 70 23 37 87 55 67 35 35 68 70 70;
1078s, 10 16 23 35 33 33 59 6;
1078l, 60 87 70 49 35 33 59 55;
1079s, 70 23 5 31 52 57 87 59 87 90 70 20 32 70 34;
1079l, 88 23 65 31 58 50 24 18 65 68 20 58 70 20 35;
1080s, 62 34 57 58 14 52 34 62 31 24 90 35 91 62 52 55 7 2;
1080l, 58 35 57 20 48 23 48 45 65 70 72 35 23 6 55 48 7 53;
1081s, 24 90 17 23 57 21 90 46 34 51 55 63 24 7 6 2;
1081l, 70 73 17 53 32 20 81 16 51 53 12 39 87 34 45 59;
1082s, 25 17 12 71 49 85 87 17 12 35 70 70 32 27 70;
1082l, 28 6 55 57 34 53 6 17 35 23 88 34 35 51 43;
1083s, 33 46 18 32 67 17 33 79 70 11 70;
1083l, 35 23 21 61 52 34 27 84 67 6 67;
1084s, 56 77 34 32 67 31 13 35 87 56 70 37 24 25 32 65 27 70 24 23;
1084l, 23 11 59 48 67 85 90 33 34 32 5 67 48 54 5 23 35 21 70 23;
1085s, 27 33 23 79 33 6 57 88;
1085l, 27 35 23 77 33 6 11 20;
1086s, 57 33 21 22 10 23 27 37 23 32 33 7 12 33 35 17;
1086l, 31 19 70 34 32 23 57 79 35 70 35 59 35 65 33 50;
1087s, 51 7 31 5 41 57 89 70 37 6 33 22 84 34 6;
1087l, 48 35 62 34 62 24 89 53 66 41 35 34 85 70 39;
1088s, 57 75 55 17 62 29 70 56 32 18 70 56;
1088l, 57 79 35 17 65 8 17 21 66 18 32 56;
1089s, 20 66 23 33 58 57 62 32 31 19 70 68 52 56;
1089l, 33 51 31 12 65 23 18 35 79 23 35 90 34 21;
1090s, 67 65 23 84 32 31 19 26 24 7 35 33 37;
1090l, 62 37 35 85 7 55 23 90 35 34 33 33 65;
1091s, 27 77 18 33 7 16 35 65 35 16 7 91;
1091l, 27 31 17 16 67 23 49 67 65 23 49 24;
1092s, 70 23 58 65 51 20 31 33 6 37 19 34 70 37 61 70 35 24;
1092l, 70 70 55 87 34 23 21 49 34 88 23 36 75 37 23 88 23 35;
1093s, 91 31 52 31 33 35 34 35 6 59 67 49;
1093l, 24 21 79 35 35 35 67 35 87 59 70 35;
1094s, 16 66 37 43 73 65 7 51 19 59 51 19 85;
1094l, 34 65 11 34 57 58 34 37 31 34 51 31 23;
1095s, 65 6 55 78 65 77 34 31 23 46 41 90 19 57 19;
1095l, 34 23 35 34 58 24 87 62 61 46 41 68 70 24 70;
1096s, 57 33 65 37 65 3 7 23 20 62 46 12 33;
1096l, 57 56 20 37 87 3 27 23 23 70 23 33 35;
1097s, 25 57 33 70 90 34 56 33 23 49 35 3 62 79 57 27 50;
1097l, 86 57 35 45 71 35 19 35 23 35 46 23 62 34 78 27 65;
1098s, 52 45 31 24 55 32 6 62 67 77 23 66 43 34 37;
1098l, 35 27 62 49 71 23 70 69 67 45 23 85 34 58 65;
1099s, 89 85 33 16 55 49 12 37 23 67 84 65 21 32;
1099l, 89 34 34 51 33 45 31 34 49 53 19 65 67 23;
1100s, 49 22 31 36 88 29 55 11 56 66 8 24 56 72 85;
1100l, 49 34 31 32 88 81 33 6 56 23 8 55 79 90 23;
1101s, 57 23 31 59 24 48 17 79 32 23 11 31 20 27 33 11 32 33 8 7;
1101l, 60 87 53 58 23 70 23 70 35 70 20 19 14 27 89 53 33 89 8 36;
1102s, 31 34 49 48 20 34 62 90 78 49 7;
1102l, 23 49 31 53 32 49 20 72 55 70 7;
1103s, 34 21 77 85 67 44 65 70 20 65 27 18 57 8 32 34 87 50;
1103l, 19 65 70 79 67 70 66 70 37 66 49 18 66 13 35 19 87 37;
1104s, 25 11 70 49 23 27 31 84 58 67 87 34 27 50 37;
1104l, 28 34 70 65 35 35 61 34 71 55 6 65 27 37 7;
1105s, 23 14 51 19 84 31 20 89 70 57 87 23 18 90 73 55 65 59 57 56;
1105l, 35 23 34 19 19 32 35 61 19 57 48 52 23 17 90 35 48 19 23 11;
1106s, 35 57 34 19 37 70 33 11 79 35 6 48 57;
1106l, 35 57 7 34 19 5 35 6 85 49 87 55 71;
1107s, 49 37 23 33 70 57 23 55 45 70 20 35 58 55 34 90 49;
1107l, 12 19 20 55 49 70 5 70 87 7 61 27 67 11 23 35 17;
1108s, 70 52 31 59 21 35 34 31 37 85 32 16 59 65 25 32 65 19;
1108l, 22 38 85 59 7 55 34 85 58 79 35 6 59 37 54 32 85 75;
1109s, 74 55 34 49 27 79 23 55 70 21 6 49 75;
1109l, 35 46 7 55 27 23 35 34 22 65 18 45 58;
1110s, 48 75 49 67 34 79 34 15 6 85 20 23;
1110l, 36 35 70 21 43 59 89 86 48 65 65 70;
1111s, 45 33 34 51 85 45 34 33 31 66 34 8;
1111l, 16 35 89 34 65 67 19 49 70 65 55 8;
1112s, 48 57 81 58 2 67 48 20 20 57;
1112l, 49 27 72 36 34 52 58 37 52 70;
1113s, 65 34 5 90 88 67 27 32 85 49 17 8 48 61 35 85 33 57;
1113l, 67 70 34 72 51 67 27 34 6 48 56 73 51 65 33 79 7 85;
1114s, 87 32 67 3 23 6 27 7 33 19 45 23 32 57 23;
1114l, 65 27 67 57 11 87 53 36 35 70 48 16 55 23 49;
1115s, 47 56 6 70 88 16 23 66 32 6 52 55 32 57 70 49 6 34 13;
1115l, 28 48 49 65 7 61 35 16 23 54 34 35 70 4 34 49 35 11 90;
1116s, 65 6 34 23 7 85 6 33 58 87 34 6 27 70 61;
1116l, 70 6 65 70 7 65 87 12 22 7 79 34 19 36 75;
1117s, 33 65 37 58 6 65 78 61 33 27 65 43 49 48 65;
1117l, 71 65 58 21 58 75 34 65 27 27 70 43 12 11 70;
1118s, 31 7 62 88 58 20 18 57 48;
1118l, 36 6 89 33 65 85 34 57 55;
1119s, 34 68 43 35 20 33;
1119l, 70 73 53 32 27 34;
1120s, 18 35 6 23 65 43 57 3 27;
1120l, 58 33 35 32 70 84 33 7 35;
1121s, 70 17 48 87 52 23 33 16 70 75 56 85 34 55 65 19;
1121l, 53 17 58 57 34 70 34 61 70 84 56 58 31 49 61 70;
1122s, 17 23 56 34 23;
1122l, 17 19 56 59 6;
1123s, 90 19 20 90 17 85 87 79;
1123l, 73 19 88 73 88 34 87 23;
1124s, 6 23 57 35 19 22 14 57 34 33;
1124l, 61 35 24 62 70 34 49 57 67 35;
1125s, 32 87 57 23 6 34 23 49;
1125l, 70 62 6 74 61 27 53 49;
1126s, 5 87 32 31 23 19 37 75;
1126l, 59 6 35 31 53 19 37 37;
1127s, 84 27 18 49 19 43 27 34 20 75 70;
1127l, 70 27 89 51 32 67 27 79 20 35 70;
1128s, 23 19 67 8 31 27 62 66 49 43 23;
1128l, 62 59 67 29 43 35 57 35 55 49 49;
1129s, 55 24 27 89 12 26 70 34;
1129l, 33 50 87 37 33 90 55 19;
1130s, 49 55 61 34 23 24 35 65 7 22 34 31 37 34;
1130l, 49 7 87 77 7 3 33 58 34 34 55 31 55 7;
1131s, 34 87 23 49 73 88 49 6 32 5 21 6;
1131l, 32 20 37 49 9 2 48 11 35 34 6 11;
1132s, 23 33 48 52 33 23 6 6 6 27 7 61;
1132l, 21 35 6 34 35 35 11 70 65 53 32 48;
1133s, 19 6 65 34 52 33 89 66 23 34 6 35 61 70 71 11 6 23 20;
1133l, 58 18 20 31 59 35 85 65 35 31 6 55 11 88 23 45 58 16 20;
1134s, 6 55 7 70 57 31 6 37 23 71 88 32 65 23;
1134l, 52 49 34 70 57 31 52 34 66 70 62 33 20 16;
1135s, 53 62 24 57 23 35 6 55 79 37 37;
1135l, 34 10 3 78 66 33 33 35 53 19 19;
1136s, 6 53 55 34 70 45 89 47 34 84 65 33 23;
1136l, 88 34 35 53 34 66 34 47 34 50 84 35 35;
1137s, 57 35 89 34 21 53 35 29 34 51 33 32 70 21 33 27 34;
1137l, 57 7 87 53 70 34 35 8 78 17 23 50 65 7 55 35 32;
1138s, 23 33 57 7 57 23 58 66 55 34 88;
1138l, 35 35 24 34 54 19 43 51 23 70 70;
1139s, 65 72 58 87 87 45 85 12 7;
1139l, 70 90 7 48 48 66 6 35 70;
1140s, 17 55 58 27 61 65 7 87 82 82 65 8;
1140l, 17 33 59 71 21 79 67 45 42 42 67 8;
1141s, 37 27 65 44 47 21 82 87 70 49 8;
1141l, 59 53 70 19 15 65 42 6 2 19 29;
1142s, 23 57 52 65 27 85;
1142l, 48 24 18 20 12 67;
1143s, 43 61 31 65 6 61 27 44 50 27 70 88 55;
1143l, 70 89 16 7 45 61 35 19 49 35 65 85 23;
1144s, 43 75 32 62 33 53 20 70 32 58 65;
1144l, 65 52 55 53 44 19 31 34 55 75 49;
1145s, 52 84 34 85;
1145l, 87 84 35 2;
1146s, 58 3 73 49 27 65 34 52 38 66 4 11 37;
1146l, 43 24 73 70 27 62 70 34 47 65 73 11 34;
1147s, 65 48 49 34 27 50 34 20 81 19 55 19 57 11 34 84;
1147l, 49 58 70 53 49 85 70 34 13 65 88 65 23 55 84 65;
1148s, 49 50 53 65 35 49 65 35 49 37 85 34 51;
1148l, 55 23 23 61 35 2 23 35 55 70 7 37 70;
1149s, 31 61 49 59 31 24 66 68 85 90 55;
1149l, 35 61 35 75 35 48 48 90 7 72 88;
1150s, 31 59 34 19 67 58 19 75 43 46 11 49 19 11 23 7;
1150l, 35 34 34 88 59 34 88 88 21 56 17 45 70 17 75 37;
1151s, 71 50 34 65 19 58 84 48 87 50 11 19 11 51 35 23 32 70;
1151l, 91 35 33 5 14 34 23 58 58 17 18 23 17 51 33 75 12 34;
1152s, 51 45 49 87 55 32 65 56 70 49 65 55 70 37;
1152l, 51 34 24 58 35 34 32 49 34 70 61 55 67 58;
1153s, 52 68 31 23 33 67 52 32 23 31;
1153l, 52 90 31 34 35 36 17 32 35 66;
1154s, 12 32 62 29 17 6 20 35 32;
1154l, 35 70 87 8 70 70 34 75 33;
1155s, 48 6 25 51 50 19 27;
1155l, 19 55 54 70 32 49 33;
1156s, 68 35 62 20 58 48 52;
1156l, 48 33 7 52 55 23 19;
1157s, 31 43 62 71 16 51 61;
1157l, 12 21 7 87 77 70 58;
1158s, 35 85 70 34 85 52 16 24 58;
1158l, 55 53 84 34 7 3 23 21 21;
1159s, 7 77 65 73 67 43 70 70;
1159l, 11 70 34 90 2 33 34 59;
1160s, 70 19 16 27 45 79 37;
1160l, 59 19 23 32 65 59 37;
1161s, 27 65 21 35 87 57 33 25 6 50 88 89;
1161l, 27 85 45 32 87 57 35 10 66 34 18 65;
1162s, 2 27 88 34 11 87 89 54 33 21;
1162l, 57 35 18 7 75 66 84 73 35 34;
1163s, 49 57 61 2 49 23 4 65 23 25 87 70;
1163l, 35 49 34 88 65 79 4 55 23 54 87 7;
1164s, 34 49 58 52 61 34 24 52 45 70 32;
1164l, 7 70 49 70 65 70 70 70 71 7 55;
1165s, 75 84 20 12 27 87 61 6 20 49;
1165l, 75 84 65 57 27 85 23 70 12 12;
1166s, 58 66 88 12 49 70 34 70;
1166l, 49 66 70 45 35 34 34 70;
1167s, 66 67 6 21 32 60 6 21 7;
1167l, 12 36 6 18 35 60 70 65 34;
1168s, 45 7 87 35 54 19 18 65 33 27 61;
1168l, 23 34 5 35 41 19 34 34 55 59 84;
1169s, 27 60 18 88 33 20 33 18 19 33 87 18 23;
1169l, 27 60 18 34 55 58 65 18 27 65 23 16 70;
1170s, 70 73 34 70 34 52 52 23;
1170l, 34 90 87 7 34 85 85 36;
1171s, 47 51 84 51 84;
1171l, 86 12 51 58 23;
1172s, 7 70 33 35 51 12 16;
1172l, 34 34 35 32 58 35 14;
1173s, 70 58 34 65 16 35 35 73;
1173l, 34 7 11 67 21 33 33 60;
1174s, 33 20 3 23 90 70 34 57 77 16;
1174l, 35 30 48 88 72 21 65 57 66 23;
1175s, 41 37 33 54 34 68 66 65 18 7 51;
1175l, 23 37 35 41 62 90 23 67 18 27 79;
1176s, 6 66 16 31 33 18 6 32 51;
1176l, 53 65 58 34 35 79 45 55 79;
1177s, 6 7 85 58 35 6 57 32 11 51;
1177l, 62 27 6 12 55 18 24 32 62 51;
1178s, 34 57 77 34 70 54 52;
1178l, 48 57 34 88 34 25 52;
1179s, 34 23 79 27 57 58 33 16 21 49 68 66;
1179l, 7 35 53 27 30 21 55 23 7 49 68 37;
1180s, 54 49 57 61 27 72 33 27 85 68 33;
1180l, 86 79 30 45 34 47 35 27 19 90 12;
1181s, 3 88 49 51 85 66 18 66;
1181l, 91 88 49 19 70 37 18 37;
1182s, 41 27 34 31 79 27 58 35 49 65;
1182l, 68 23 2 31 85 44 34 35 49 49;
1183s, 23 49 35 85 34 3 23 31 34 25 49 21 62;
1183l, 89 4 33 6 20 3 55 5 34 47 35 34 40;
1184s, 23 62 71 68 6 3 58 55 34 32;
1184l, 87 45 33 90 66 57 59 67 23 89;
1185s, 57 31 34 65 62 34 17 27 18;
1185l, 55 31 12 70 20 51 27 27 20;
1186s, 62 23 55 34 33 44 34 20 85;
1186l, 87 44 3 59 62 44 2 55 57;
1187s, 49 23 33 65 20 23 17 67 33 35 44 67 49 48;
1187l, 35 70 55 84 58 6 17 52 12 33 6 67 35 35;
1188s, 23 20 23 66 65 67 90 3 79 34;
1188l, 6 58 23 87 7 55 68 23 70 66;
1189s, 21 17 34 57 57 58 3;
1189l, 58 49 34 57 57 2 24;
1190s, 24 18 48 34 87 67 54 23 3 57 37 11 33 90 3 65;
1190l, 91 21 61 11 87 67 72 32 74 74 6 34 35 73 24 19;
1191s, 57 33 35 55 75 27 87 65 35 23;
1191l, 57 35 27 35 65 2 52 19 33 35;
1192s, 6 1 57 65 23 74 34 65 32 34 48 48 49 58;
1192l, 41 54 24 34 23 71 34 7 55 66 87 87 49 58;
1193s, 65 44 87 58 27 58 44 65 35 23 48 49 48;
1193l, 70 88 70 65 62 65 65 67 33 31 11 7 11;
1194s, 49 44 85 62 18 23 34 6 19 49 21;
1194l, 87 65 65 6 18 85 16 33 19 70 33;
1195s, 88 14 89 48 34 54 48 19 34 55 54 60 33 55 31 34 58 10 60 33;
1195l, 2 66 77 61 7 25 16 20 34 87 25 60 12 49 85 75 70 17 55 70;
1196s, 43 48 67 34 49 23 32;
1196l, 48 70 2 70 70 27 75;
1197s, 59 23 55 70 24 90 34 51 70 23 44;
1197l, 88 11 87 19 57 90 7 12 23 34 70;
1198s, 21 84 62 89 49 55 23 87 33 23 87;
1198l, 21 84 6 70 35 23 70 6 49 4 75;
1199s, 67 60 35 57 19 34 21 25 2 33 23;
1199l, 20 55 33 57 19 70 34 47 19 35 45;
1200s, 34 57 31 23 19 34 52 6 34 34 58 34;
1200l, 59 57 34 23 49 20 24 67 58 49 58 70;
1201s, 24 23 65 75 71 34;
1201l, 57 23 34 7 45 84;
1202s, 43 34 36 57 58 34;
1202l, 18 84 19 23 21 56;
1203s, 45 7 34 70 71 34 19;
1203l, 44 34 37 34 67 19 49;
1204s, 34 65 79 34;
1204l, 30 49 53 70;
1205s, 58 21 43 33 23 57;
1205l, 65 33 70 35 87 65;
1206s, 87 57 21;
1206l, 48 57 57;
1207s, 68;
1207l, 90;
1208s, 79 25 23 84 87 3 34;
1208l, 34 54 45 51 45 16 45;
1209s, 61 79 65 45 6;
1209l, 51 85 34 45 24;
1210s, 27 36 53 65 20 79 3 55 34;
1210l, 32 27 53 34 19 11 16 67 88;
1211s, 65 51 16 44 19 23 51;
1211l, 7 34 34 45 19 23 34;
1212s, 66 19 53 3;
1212l, 36 5 31 4;
1213s, 77 24 70;
1213l, 19 17 34;
1214s, 65 3;
1214l, 67 17;
1215s, 19 74 57;
1215l, 34 23 57;
1216s, 23 27 18 49 48 32 78 57;
1216l, 49 85 49 34 48 87 58 57;
1217s, 52 32;
1217l, 34 49;
1218s, 65 23 39;
1218l, 70 23 39;
1219s, 25 70 41 49 23;
1219l, 86 35 70 19 11;
1220s, 12 19 85 24 49 57 23 87;
1220l, 33 75 52 71 31 57 23 6;
1221s, 33 48 57;
1221l, 35 27 70;
1222s, 58 34;
1222l, 40 87;
1223s, 52 44 35 34 49;
1223l, 88 16 55 48 61;
1224s, 31 34 67;
1224l, 53 21 53;
1225s, 2 17 53;
1225l, 70 17 34;
1226s, 17 17;
1226l, 17 55;
1227s, 23 34 6 17;
1227l, 55 84 55 23;
1228s, 31 16 18;
1228l, 31 49 16;
1229s, 18 52 27 55 31 7;
1229l, 16 34 35 35 16 34;
1230s, 35 57 34;
1230l, 55 57 70;
1231s, 32 36 36 61;
1231l, 35 85 85 37;
1232s, 24 49 43 90 7 34 18;
1232l, 57 75 34 68 87 7 61;
1233s, 2 66 33 48;
1233l, 70 87 12 6;
1234s, 2 53 31 20 48 48;
1234l, 75 37 66 34 87 87;
1235s, 33 4;
1235l, 34 13;
1236s, 34 6;
1236l, 55 6;
1237s, 7 37 43;
1237l, 22 70 48;
1238s, 7 75 34 57 23 87;
1238l, 7 34 7 57 23 43;
1239s, 56 57;
1239l, 56 57;
1240s, 70 53 23 33;
1240l, 35 84 31 35;
1241s, 41;
1241l, 15;
1242s, 61 34 84 58;
1242l, 14 7 34 65;
1243s, 65;
1243l, 65;
1244s, 31 26 65;
1244l, 46 13 21;
1245s, 77;
1245l, 65;
1246s, 55 16 49 74 51;
1246l, 49 40 35 79 34;
1247s, 78 6;
1247l, 61 52;
1248s, 48;
1248l, 48;
1249s, 66 34 48 90;
1249l, 65 58 34 27;
1250s, 70 34 34;
1250l, 77 53 55;
1251s, 77 35 32 75 44 65 87;
1251l, 77 55 35 40 55 43 67;
1252s, 61;
1252l, 23;
1253s, 6 16 16;
1253l, 77 49 23;
1254s, 34 65 34 67 51 46 34 16;
1254l, 70 70 33 6 34 46 66 62;
1255s, 34 16 35 34;
1255l, 65 18 55 6;
1256s, 16 34 34;
1256l, 16 6 49;
1257s, 34 34 34;
1257l, 48 48 70;
1258s, 7 36 87;
1258l, 77 37 65;
1259s, 51 56 87 34;
1259l, 67 37 87 65;
1260s, 34;
1260l, 36;
1270s, 65;
1270l, 65;
1271s, 58;
1271l, 3;
1273s, 48;
1273l, 6;
1274s, 90;
1274l, 73;
1275s, 52;
1275l, 65;
1279s, 68;
1279l, 0;
1284s, 12;
1284l, 24;
1288s, 8;
1288l, 64;
1289s, 87;
1289l, 6;
1291s, 71;
1291l, 47;
1292s, 35;
1292l, 71;
1294s, 90;
1294l, 40;
1296s, 11;
1296l, 18;
1297s, 90;
1297l, 40;
1300s, 76;
1300l, 49;
1303s, 49;
1303l, 24;
1304s, 34;
1304l, 65;
1307s, 52;
1307l, 65;
1311s, 48;
1311l, 85;
1312s, 58;
1312l, 65;
1314s, 34;
1314l, 6;
1319s, 19 34;
1319l, 84 65;
1334s, 65;
1334l, 56;
1341s, 33 55;
1341l, 62 31;
1346s, 23 65;
1346l, 44 90;
1350s, 78;
1350l, 58;
1352s, 65;
1352l, 87;
1353s, 55;
1353l, 12;
1354s, 20;
1354l, 17;
1355s, 66;
1355l, 32;
1356s, 49;
1356l, 6;
1357s, 7;
1357l, 7;
1358s, 71 19 72;
1358l, 70 31 90;
1360s, 65;
1360l, 90;
1361s, 35;
1361l, 35;
1362s, 31 31 31;
1362l, 49 49 61;
1365s, 65;
1365l, 6;
1366s, 90;
1366l, 72;
1369s, 34;
1369l, 58;
1371s, 53;
1371l, 67;
1372s, 23 56;
1372l, 44 77;
1373s, 35;
1373l, 35;
1376s, 76 44;
1376l, 49 44;
1377s, 85;
1377l, 85;
1378s, 76;
1378l, 65;
1381s, 16;
1381l, 76;
1382s, 76 48;
1382l, 76 87;
1383s, 65 55 34 88;
1383l, 34 55 65 34;
1385s, 70;
1385l, 70;
1386s, 7 49 7 31;
1386l, 34 27 7 31;
1387s, 34 12 38;
1387l, 65 32 53;
1388s, 57 76;
1388l, 57 76;
1390s, 32;
1390l, 67;
1391s, 34;
1391l, 53;
1392s, 6;
1392l, 55;
1395s, 21 88;
1395l, 49 23;
1396s, 58;
1396l, 19;
1398s, 5 45 31;
1398l, 31 31 27;
1399s, 65 2;
1399l, 55 67;
1400s, 70 20 27 45;
1400l, 6 55 27 87;
1401s, 2 23 35 36 65 89;
1401l, 75 32 76 20 65 87;
1402s, 62 24 12;
1402l, 11 24 30;
1403s, 37 88 19 61 55;
1403l, 37 89 19 18 74;
1404s, 61;
1404l, 18;
1405s, 33 36 11 73 3;
1405l, 33 49 11 85 71;
1406s, 20 35 34;
1406l, 31 35 34;
1407s, 76;
1407l, 27;
1408s, 21 31 76;
1408l, 21 31 27;
1409s, 74 57;
1409l, 7 91;
1410s, 41 65 34 34 35 85;
1410l, 23 36 4 4 6 6;
1411s, 6 32 67 32 37 35;
1411l, 33 34 76 31 51 35;
1412s, 70 35 51 45 33 34;
1412l, 34 33 23 45 76 17;
1413s, 34 57 34;
1413l, 32 57 12;
1414s, 92 33 87 7;
1414l, 64 21 45 32;
1415s, 23 48 87 34 46 31;
1415l, 27 65 66 75 49 31;
1416s, 90 23 12 48 19;
1416l, 81 31 34 6 19;
1417s, 76 52 33 49 19 53 88 20;
1417l, 59 31 67 57 35 70 23 23;
1418s, 38 6 87 34;
1418l, 20 6 31 71;
1419s, 48 70 23 76 49;
1419l, 87 16 76 76 58;
1420s, 2 45 49 44 70 23 49 70;
1420l, 55 31 23 7 16 70 76 16;
1421s, 70 31 5 70 34;
1421l, 34 31 5 34 34;
1422s, 29 70 25 34 65 62 31 33 14 51 32 31 62 35 12;
1422l, 6 70 28 77 20 57 31 76 31 31 71 31 57 55 20;
1423s, 76 49 31 56 31 35 65 45 70 48;
1423l, 76 77 55 31 85 14 55 6 16 79;
1424s, 85 21 62 35;
1424l, 89 55 67 27;
1425s, 88 31 21 30 88 32 12 34 68 33 87;
1425l, 87 85 34 32 65 34 12 34 9 33 34;
1426s, 72 66 55 51 12 7 85 79 67 84 48 70 59;
1426l, 73 70 31 23 70 19 85 65 55 7 31 65 40;
1427s, 91 8 65 75 44 76 23 34 76 4;
1427l, 70 6 36 31 27 32 32 35 35 48;
1428s, 52 50 18 87 50 51 35 49 76 49;
1428l, 70 71 44 6 35 7 27 33 35 24;
1429s, 84 76 5 55 1 20 37 61 76 3 33 37;
1429l, 84 12 58 31 86 31 33 36 76 27 55 33;
1430s, 43 55 23 44 49 23 33 20 34 87 55 17 62;
1430l, 31 16 87 85 32 49 65 31 12 44 16 76 19;
1431s, 23 74 79 20 65 61 87;
1431l, 12 74 18 31 65 53 19;
1432s, 5 84 37 36 41 31 79 84 92 65;
1432l, 55 37 88 36 28 19 79 17 39 2;
1433s, 5 37 33 49 31 56 65 65 78 34 17 53;
1433l, 12 21 31 33 19 56 70 70 58 23 31 53;
1434s, 48 79 70 49 12 44 34 33 61 49;
1434l, 6 31 5 49 12 44 51 32 70 2;
1435s, 27 78 55 73 16 31 87 57 58 53;
1435l, 20 76 49 26 23 49 6 27 7 65;
1436s, 24 31 12 32 21 31 35 49 77 82 35 51 12 6;
1436l, 23 66 35 35 85 31 33 35 31 38 33 34 76 32;
1437s, 74 32 74 49 67 57 55 58 52 71 55 17 35 61 16 20;
1437l, 62 20 62 19 52 31 35 20 65 17 19 17 33 18 58 66;
1438s, 74 87 58 31 73 23 73 55 17 34;
1438l, 49 43 59 76 81 53 81 76 49 66;
1439s, 76 5 19 76 31 30 7 68 34 44 71 57;
1439l, 57 79 79 35 31 24 2 9 33 11 7 55;
1440s, 87 65 16 24 67 19 29 71 55;
1440l, 31 65 44 31 65 88 26 85 35;
1441s, 35 49 32 17 58 49 53 50 52 57;
1441l, 33 49 35 23 58 49 85 32 19 66;
1442s, 31 84 70 71 34 53 31 12 36 76 57 34;
1442l, 53 84 23 71 79 75 27 76 16 31 67 55;
1443s, 89 23 75 70 21 35 34 76 31 19 31 53;
1443l, 43 27 85 48 32 33 79 35 20 31 51 53;
1444s, 70 50 23 84 48 20 70 55 34 76 79 82 34 79 49 62 24 11 32 34;
1444l, 79 56 49 66 87 32 34 88 7 76 11 82 34 35 87 61 31 6 24 27;
1445s, 24 65 6 50 57 6 44 49 31 6 34 7 88 20 76 34;
1445l, 32 57 65 18 24 65 19 17 5 70 43 58 62 58 34 77;
1446s, 84 65 20 53 33 16 7 27 23 79 87 53 27 55 71 34 76 87 89;
1446l, 84 71 20 53 33 48 7 70 23 23 87 88 70 49 57 84 76 87 33;
1447s, 31 23 70 61 31 65 6 7 23 87 44 24 7 79 33;
1447l, 31 43 23 76 32 67 74 27 49 65 55 32 37 85 76;
1448s, 43 84 19 55 44 49 70 33 31 23 6 14 39 50 36 12;
1448l, 61 67 19 23 44 76 87 34 85 31 85 19 54 50 31 27;
1449s, 55 70 24 56 82 70 53 71 25 35 27 56 34;
1449l, 76 23 62 31 82 34 6 5 4 27 76 56 2;
1450s, 49 55 65 35 24 50 51 3 34 79 50 34 68 66;
1450l, 49 76 5 49 77 49 34 3 70 34 27 34 90 58;
1451s, 87 75 84 82 37 21 6 58 21 35 6 79 5 16 2;
1451l, 48 70 51 82 65 58 61 5 27 34 85 85 12 49 31;
1452s, 49 7 57 27 34 12 87 44 27 34 88 23 11 34 16 70 19 76 65 53;
1452l, 37 76 24 44 31 32 31 2 34 34 88 18 27 51 16 5 65 76 32 70;
1453s, 33 49 6 45 27 6 65 31 6 35 53 67;
1453l, 49 37 55 78 27 45 53 35 54 33 53 32;
1454s, 44 51 53 25 70 27 71 19 6 49 35 76 11 23 21 34 76 35 45;
1454l, 76 23 53 28 49 7 71 31 49 32 49 76 21 22 21 23 76 55 61;
1455s, 67 57 37 85 38 18 71 76 85 34 31 62 53 70;
1455l, 65 91 51 34 76 31 71 17 31 35 49 55 78 32;
1456s, 70 35 62 32 58 57 62 53 58 56 6 32;
1456l, 34 21 35 17 66 24 85 44 2 32 58 87;
1457s, 52 90 5 34 58 57 52 84 61 37 6 35 85 65 34 18 87 50 11 35 32 85 74;
1457l, 11 90 70 44 51 91 65 75 20 65 76 57 31 65 65 18 6 45 11 35 6 23 23;
1458s, 24 70 59 58 19 32 27 34 66 23 11 76 39 35 34;
1458l, 57 19 5 7 20 21 31 34 21 33 56 35 39 76 65;
1459s, 71 17 12 34 31 35 53 74 37 49 87 10 23 24 84 21 49 45;
1459l, 24 74 49 53 49 55 53 31 70 16 48 57 12 4 49 20 48 32;
1460s, 76 11 31 76 87 7 19 76 52 7 70 38 70 31;
1460l, 31 79 58 55 48 71 19 12 61 49 19 38 35 62;
1461s, 33 87 62 31 19 8 2 38 73 53 65;
1461l, 24 87 3 43 23 8 34 38 90 53 21;
1462s, 20 32 19 32 2 85 76 6;
1462l, 78 24 34 23 24 6 33 31;
1463s, 48 55 27 89 35 49 21 3 6 5 31 35;
1463l, 49 49 76 89 35 4 58 71 23 65 44 76;
1464s, 2 43 55 11 87;
1464l, 34 43 76 48 48;
1465s, 58 43 85 32 59 31 34 77 85 19 76 24;
1465l, 49 77 48 70 19 31 75 34 85 19 24 3;
1466s, 70 32 19 65 43 31 6 76 3 53 16 5 87 89 76 11 3 53 16 71 62 51;
1466l, 49 71 19 21 37 49 24 35 70 5 48 21 52 11 76 48 70 19 48 32 44 48;
1467s, 49 87 23 31 67 2 70 35 33 48 18 16 85 53 87 55 58 37 34 76 85;
1467l, 55 6 23 88 55 2 62 76 33 65 67 48 61 75 84 76 32 59 7 65 61;
1468s, 19 70 23 56 27 79 41 23 73 33 26 7 33 85;
1468l, 75 70 16 56 35 79 49 32 90 35 26 76 55 70;
1469s, 49 62 44 87 49 73 65 33 48 74 20 65 6 17 34;
1469l, 19 21 16 87 31 72 32 35 58 57 27 32 88 32 53;
1470s, 19 55 6 76 57 76 6 58 34 90 16;
1470l, 18 32 23 65 54 76 65 51 34 90 71;
1471s, 13 34 76 82 20 44 70 56 65 30 87 34;
1471l, 13 58 35 82 58 55 70 87 31 74 87 70;
1472s, 53 24 82 52 19 23 70 56 19 49 51 61 16 21;
1472l, 75 30 8 7 65 77 58 7 23 27 34 20 70 6;
1473s, 23 23 43 79 2 55 76 71 27 90 37 66 79;
1473l, 20 6 34 11 58 31 12 70 61 48 24 59 33;
1474s, 7 34 36 32 68 53 65 3 6 17 32;
1474l, 7 35 32 58 90 51 32 23 6 50 19;
1475s, 34 32 53 23 34 65 6 76 67 48 66 19 6;
1475l, 87 57 51 62 53 14 49 24 76 11 65 20 6;
1476s, 31 7 81 17 35 32 33 23 34;
1476l, 85 7 6 46 55 89 35 70 59;
1477s, 65 49 85 33 87 7 61 51 79 79 65 85 32 65 35 90 11 48;
1477l, 23 88 34 49 48 27 62 53 34 89 85 65 61 62 33 68 85 49;
1478s, 23 85 24 70 30 79 55 12 20 71 33 73 85 33;
1478l, 19 23 57 53 31 87 12 76 62 20 16 6 21 35;
1479s, 44 55 57 7 70 31 23 33 45 79 11 12 23 66;
1479l, 11 71 24 7 32 31 57 35 44 34 18 49 19 67;
1480s, 53 19 87 7 67 31 45 53 35 76 48 44 12 45;
1480l, 53 19 85 78 65 76 66 32 35 12 49 53 55 66;
1481s, 87 79 49 7 53 76 59 44 31 35 71 21 85 24 65 57 35 74;
1481l, 22 56 49 31 85 76 59 31 7 23 71 70 65 33 88 16 31 31;
1482s, 7 47 91 44 20 65 31 74 33 66 71 61 35 58;
1482l, 7 54 23 67 2 88 31 16 35 56 74 61 33 59;
1483s, 85 31 49 33 48 59 31 19 70 72 35 36 61 19 5 76 34;
1483l, 61 31 50 35 40 34 71 76 24 3 35 27 16 76 67 35 19;
1484s, 7 90 49 44 35 20 49 34 61 7 49;
1484l, 51 26 35 20 33 23 70 34 58 34 49;
1485s, 31 79 70 36 53 12 58 87 33 70 58 34 52 35 6 49 35 19 4;
1485l, 17 65 34 70 34 76 78 45 33 65 49 16 31 33 62 58 55 67 4;
1486s, 75 71 85 79 23 48 44 2 8 34 27 6 85 46 23;
1486l, 75 24 21 65 43 87 19 7 8 70 23 49 6 43 33;
1487s, 7 35 53 19 67 72 89 3 39 59 19;
1487l, 7 33 75 49 67 15 50 51 82 76 14;
1488s, 7 65 34 77 87 65 8 44 71 26 75 21 58 31 67 58 34;
1488l, 34 20 34 77 58 20 76 11 31 73 88 6 58 34 51 37 34;
1489s, 34 53 58 7 31 35 56 32 79 67 4 23 59 48 46 59;
1489l, 32 34 58 7 88 33 16 32 34 67 26 14 27 11 51 36;
1490s, 76 49 31 7 5 33 71 50 51 32 17 33 65 19;
1490l, 76 31 76 7 32 76 24 70 34 24 49 33 70 24;
1491s, 70 31 21 35 65 85 71 23 33 67 21 53 77 31 7 57;
1491l, 59 31 43 33 4 5 17 44 35 53 49 7 56 48 58 67;
1492s, 50 19 11 21 65 2 76 31 33 34 49 85 60 17 43 77 32 49 19 50;
1492l, 23 89 62 66 27 23 12 52 55 70 35 56 60 17 34 37 32 55 59 35;
1493s, 31 27 34 36 37 58 74 11 89 23 19 21 51 49 35 35 23 17 31 19 76;
1493l, 31 35 34 31 43 12 23 62 31 49 65 21 77 27 33 33 23 76 33 21 35;
1494s, 65 44 5 5 70 17 84 49 32 12 7;
1494l, 34 87 67 67 75 17 84 2 65 27 37;
1495s, 34 58 73 31 22 6 77 17 71 62 82 27 77;
1495l, 70 65 24 31 11 62 87 31 71 45 63 35 65;
1496s, 32 24 84 44 32 31 34 23 5 32 71 44 5 76;
1496l, 20 7 65 44 76 87 87 23 32 67 71 21 32 49;
1497s, 72 7 76 67 19 84 54 70 16 31;
1497l, 73 34 76 35 77 84 54 7 56 77;
1498s, 34 49 31 17 74 34 6 77 16 87;
1498l, 7 24 35 17 74 34 17 76 16 48;
1499s, 24 87 55 85 23 4 34 56 21 62 34 6 77 36;
1499l, 30 48 55 16 23 73 34 56 45 62 31 6 51 2;
