291, 60 60 16;
292, 60 56 75;
293, 60 60 4;
294, 60 35 47;
295, 60 35 46;
296, 60 35 43 60 7 53 60 65 168;
297, 60 65 21 60 22 30 60 81 38 60 49 41 60 22 48;
298, 60 35 32;
299, 60 72 31 60 47 46 60 81 39;
300, 60 60 383;
301, 60 60 406 60 60 62;
302, 60 60 381 60 49 27;
303, 60 81 85;
304, 60 32 350 60 72 83;
307, 60 35 31 60 72 34;
316, 60 42 16;
319, 60 20 18;
324, 60 20 17;
326, 24 70 11 7 59 21 24 15 10 47 47 1 47 59 11 44 18 19 7 17 13;
327, 24 82 53 47 59 10 24 67 12 47 38 15 24 70 10;
328, 26 57 2 44 18 16 47 47 43 51 72 34 32 15 10 52 25 14 44 58 10 12 15 13;
329, 47 59 40 75 35 10 49 35 15 65 6 17 61 59 8 23 36 39 26 57 2 65 38 12 57 77 14 65 6 30 57 59 13;
330, 55 6 14 55 17 16 7 17 14 34 21 14 55 24 16 34 47 8 23 35 8 39 80 36 6 83 10 60 43 63 55 17 13 36 72 13 52 54 18 60 59 15 6 83 9 16 41 57 35 23 9 60 22 15 34 36 38;
331, 36 72 14 6 67 7 44 29 18 60 59 41 36 34 5 7 17 13 35 17 7 60 58 11 65 38 13 34 60 16 6 6 1 34 21 14 55 6 15 34 47 9 34 6 18;
332, 47 6 17 65 35 7 71 23 10 7 35 7 7 20 9 34 33 8 36 67 31 24 24 1;
333, 35 17 10 42 20 380 34 54 21 65 62 9 51 26 9 48 35 15 60 58 11 6 67 6 51 26 7 24 17 16 35 83 12 7 35 6;
334, 34 67 24 36 80 32 6 44 15 65 21 7 47 11 17 65 52 20 81 6 12 6 81 15 65 65 42 35 83 11 48 33 17 81 17 4;
335, 65 81 100 36 34 5 24 67 12 60 61 10 36 32 12 60 60 1 35 17 6 81 6 6 60 58 14 36 34 14;
336, 44 6 11 34 50 19 81 18 8 75 65 156;
337, 81 6 5 60 58 13 81 6 10 81 17 4 35 23 9 36 32 16 73 60 5;
338, 20 56 20 6 81 10 24 17 13 79 43 21 48 53 13 35 65 6 20 50 10 60 20 10 84 69 5 61 59 12;
339, 24 54 13 83 80 27 61 46 21 26 39 3 71 38 33 35 65 5 2 59 19 47 2 13 81 6 7 35 43 251;
340, 53 17 17 35 60 84 73 60 4 81 6 6 55 61 8 60 35 8 81 74 14 63 63 1 73 65 13 60 35 8 20 32 7 35 20 4 60 85 20 35 50 6;
341, 35 35 0 29 80 25 47 59 32 20 42 10 61 17 7 24 80 9 63 84 6 12 34 9 72 72 38 6 81 10;
342, 84 69 238 35 20 4 20 32 8 57 51 5 47 15 12 58 58 180 21 21 15 22 6 8 36 34 4 57 51 5 12 34 8 6 81 10 58 6 13 60 20 13 34 67 21 81 60 13;
343, 36 24 16 36 34 4 49 60 337 35 59 33 15 54 4 60 20 12 7 35 14 65 25 19 20 35 3;
344, 61 18 10 65 60 4 49 42 12 20 11 8 36 21 23 7 59 17 55 41 253 84 77 5;
345, 78 78 1 20 50 11 36 21 25 61 22 6 18 36 26 65 59 16 79 79 12 49 35 29 36 11 25 81 74 22 24 54 98 81 6 7;
346, 20 80 20 7 55 5 35 48 10 24 46 23 29 48 17 7 11 14 57 51 5 45 34 38 16 41 39 35 52 17 57 51 5;
347, 47 41 37 53 59 13 61 17 7 60 65 14 78 35 30 36 67 21 6 73 29 36 12 7 35 59 43 60 56 14 84 68 5;
348, 36 11 28 81 6 7 72 72 30 65 59 16 35 23 9 35 5 32 48 48 0 53 59 12 24 67 14 48 32 24;
349, 36 34 4 35 15 16 84 6 53 36 32 18 67 15 5 15 54 4 72 15 14;
350, 26 51 6 7 22 16 23 18 10 60 33 18 36 34 7 81 46 6 7 35 7 12 7 21;
351, 47 67 14 17 79 10 65 60 5 6 81 8 7 35 6 65 59 19 44 81 7 36 72 14 6 46 29 13 51 15 36 34 5;
352, 34 52 2 7 35 7 32 54 14 29 6 11 48 75 7 34 52 2 60 65 14 42 61 5 15 12 55 84 68 142 29 6 11;
353, 65 46 19 72 15 12 65 43 34 81 72 22 72 67 15 36 34 5 6 73 28;
354, 68 68 252 54 15 4 65 6 20 65 46 25 84 57 21 65 46 25 6 59 4 49 83 193;
355, 83 18 9 47 67 18 84 68 4 6 81 9 60 61 7;
356, 35 60 316 13 84 10 60 7 12 20 56 5 36 29 16 22 59 4 65 52 26;
357, 18 36 54 47 18 10 65 35 6 83 60 8 65 38 17 35 15 15 20 81 24 65 35 6 36 72 18 35 22 9 65 65 43 72 67 13;
358, 65 52 28 36 24 16 50 82 22 65 46 19 72 67 13 61 56 45 56 65 42 36 18 25 36 24 18;
359, 65 56 7 24 61 14 26 30 32 65 54 29 56 35 6 6 81 12 60 83 13 46 33 30;
360, 32 35 16 7 83 46 81 59 4 36 47 16 83 18 8 34 33 34 52 15 20;
361, 6 81 9 65 54 29 36 25 23 55 6 28 35 15 19 65 56 7 20 52 20 42 29 12;
362, 44 44 0 79 7 18 36 34 4 61 60 3 34 33 15 44 6 10 36 6 26 48 48 0 60 21 9 35 17 6 61 60 8 55 38 10 72 15 10 32 15 10;
363, 60 83 10 22 54 22 60 61 7 44 7 46 36 34 40 60 6 26 48 35 7 65 54 32 38 46 17 55 81 14;
364, 35 17 9 36 34 4 35 49 7 35 17 7 35 50 6 15 54 4 35 35 1 65 75 8 72 67 15;
365, 48 35 64 60 38 9 81 6 7 47 7 26 6 85 272 32 56 23 50 23 53 35 49 9 72 54 12 60 83 10 12 15 30;
366, 54 32 29 47 46 27 61 60 5 65 25 24 43 78 37 47 15 10 65 12 14 65 54 27 34 15 18 6 36 30 35 17 8 48 48 1 12 12 1 79 7 91 35 46 23;
367, 18 6 6 41 77 21 61 60 3 44 24 14 44 24 13 36 12 7 7 35 7 48 11 11 73 43 13 44 6 8;
368, 52 15 18 44 27 43 65 43 16 72 54 12 18 54 6 43 6 10 36 47 17 36 34 5 65 24 15 18 47 13 36 34 5 15 31 15;
369, 81 24 17 36 6 30 26 30 21 18 33 12 36 34 5 15 54 5 36 34 5 36 34 4 36 6 24 36 47 43;
370, 75 47 24 36 5 36 36 36 1 7 62 5 36 55 52 15 54 8 60 55 8 48 11 12 52 36 4 34 67 28 20 11 13 36 34 4 36 34 4 65 6 17 41 41 1 60 55 6;
371, 52 15 21 34 24 31 7 7 0 74 75 17 84 68 235 60 52 23 47 15 11 34 6 27 36 34 5 59 6 6 22 6 10 35 38 7 67 67 56 22 6 10 55 55 2 49 47 23 63 63 1 55 35 12 49 34 24 36 18 18 35 50 6;
372, 34 72 9 78 34 20 33 18 7 36 34 4 63 84 6 37 72 14 36 34 4 38 65 29 15 31 8 78 83 7 36 34 4 47 47 0 53 18 8 41 41 12 60 52 20 70 54 3 47 67 15;
373, 80 14 13 7 7 0 65 82 7 74 74 1 75 23 2 35 6 19 32 32 56 65 15 25 57 24 32 46 81 7 34 85 72 48 48 1 13 84 7 84 68 5 55 17 12 35 73 8;
374, 53 25 84 65 6 33 42 59 6 34 85 52 65 54 38 65 54 38 6 24 12 60 22 63 53 18 9 60 58 14 29 15 7 65 55 11 7 7 1 81 6 8 29 36 15;
375, 35 79 14 35 18 13 37 65 23 35 81 17 35 17 7 6 24 11 53 25 9 54 15 3 74 15 23 7 17 15 81 32 15 59 6 6 2 2 18 12 15 20;
376, 35 6 25 35 35 25 79 79 0 70 67 6 11 43 12 57 26 132 23 47 18 65 32 29 24 81 18 36 34 5 55 46 24 71 85 37 72 15 11 2 36 32 37 7 5;
377, 79 6 17 46 81 11 81 32 15 1 15 23 12 15 20 36 34 4 72 72 10 35 50 7 65 15 19 22 18 6 22 18 12 34 54 23 36 5 18 36 34 6 81 11 56 55 6 22;
378, 59 43 8 36 12 7 24 52 35 36 52 7 55 6 29 15 85 10 48 81 11 12 15 19 60 46 38 55 46 33 52 15 14 6 59 7;
379, 60 20 47 34 6 25 7 7 1 35 85 35 34 55 21 60 20 27 12 18 16 81 6 7 74 74 0 7 52 16 15 18 51 72 72 46;
380, 12 15 15 7 47 103 65 18 25 43 73 12 20 56 14 26 84 117 15 31 8 74 74 1 43 73 9 44 44 5 24 15 9 48 48 1 34 52 6;
381, 65 59 16 7 7 0 35 70 20 81 6 7 78 59 13 71 50 7 68 84 6 25 65 29 36 47 13 34 21 21;
382, 72 15 9 24 54 15 48 33 20 33 73 17 34 72 8 65 54 36 17 81 8 65 54 36 48 48 0 65 38 14 15 31 10 22 6 8 49 60 19 65 6 20 7 35 8 35 35 36;
383, 81 24 18 84 69 6 15 31 9 60 21 5 6 6 38 52 67 21 65 6 21 35 79 14 46 6 11 65 18 20 23 83 3 75 75 1 7 7 1 65 32 16 35 6 18 46 80 26 34 6 22;
384, 81 29 18 45 34 43 7 7 0 34 65 26 65 59 25 34 15 15 60 50 73 65 23 13 46 60 17 34 65 24 24 54 12 18 70 7 50 35 5 81 6 8 41 77 19 7 12 23 65 15 14 3 85 4;
385, 26 51 3 52 65 106 60 60 53 7 7 0 49 73 12 35 25 14 73 19 6 12 80 13 34 18 21 75 80 12 35 58 15 36 34 6 65 6 30 56 62 9 42 59 8 75 35 12 65 23 9 81 24 20 34 25 23 79 48 7 18 67 10 65 59 14 36 34 6 47 80 16;
386, 52 47 9 35 58 14 36 34 5 36 29 40 47 65 33 83 78 9 59 18 13 82 2 17 61 85 20 36 59 42 65 6 21 81 29 17 46 46 0 36 19 43 59 18 10 60 59 69 34 15 16 38 61 47 59 43 14 34 72 12;
387, 54 15 3 79 48 8 60 36 78 21 67 19 14 43 6 36 34 15 37 35 9 46 52 24 34 18 16 59 22 7 24 15 24 48 48 1 84 69 9 84 69 9 36 34 4;
388, 46 44 4 15 31 11 12 36 10 60 81 18 24 15 9 72 72 97 26 51 4 81 60 15 84 69 7 50 35 6 47 54 17 46 75 19 36 35 21 43 78 48 44 59 20 26 30 108 36 36 60 7 48 10 65 32 21;
389, 49 49 133 82 35 4 7 7 1 22 6 9 5 67 28 36 12 10 82 18 16 73 35 7 35 83 13 36 70 25 46 2 26 36 34 64 36 59 43;
390, 47 3 27 6 11 7 65 23 7 47 47 0 82 36 37 59 22 8 18 67 10 35 79 11 35 81 18 36 52 7 15 31 6 36 34 25 35 7 6 34 49 37 15 67 6 52 18 14;
391, 42 65 26 60 35 7 35 32 35 47 20 18 35 78 11 15 54 4 81 60 12 32 78 45 81 20 11 36 52 7 65 38 12 32 46 25 36 19 39 65 23 11 73 33 16 50 32 42;
392, 7 65 8 35 78 30 12 34 6 13 84 10 65 17 14 84 69 7 6 73 9 7 37 8 15 54 4 35 25 15 36 34 6 15 85 7;
393, 36 53 21 71 6 20 44 44 119 65 32 19 42 18 9 36 47 19 36 34 5 38 60 3 84 63 5 7 37 6 15 67 8 38 60 2 54 15 20 79 75 5 44 44 5 2 2 2 46 81 11 65 62 11 60 38 11;
394, 60 22 13 34 52 4 15 31 11 65 47 26 47 2 13 6 59 3 46 55 21 60 36 57 53 59 8 5 62 9 52 65 81 48 35 8 47 3 19 35 48 9;
395, 44 20 17 22 12 19 72 72 0 82 60 4 72 60 34 5 1 57 52 67 22 47 15 10 52 35 16 65 53 29 35 59 14;
396, 36 34 5 60 20 11 58 58 121 47 55 9 36 34 6 6 81 10 18 67 11 5 48 22 6 73 10 35 56 26 5 62 15 12 47 7 56 48 13 6 11 8 2 33 17 36 32 26;
397, 52 75 39 18 18 1 36 59 31 6 83 11 65 35 8 75 79 2 47 47 38 6 59 4 74 74 1 35 50 7 6 11 8 36 34 15 27 43 45 5 35 19;
398, 12 67 15 6 59 8 7 7 0 32 20 15 18 85 11 36 70 23 65 18 19 36 47 13 57 47 47 24 25 6 12 36 10 51 41 11 43 32 7 81 81 60 79 22 9 35 35 1 62 52 13 65 49 5 73 38 5;
399, 33 18 10 6 81 12 75 53 13 21 55 5 5 62 13 65 65 2 51 57 4 84 69 7 44 44 0 35 18 14 36 34 5 65 50 7;
400, 18 67 11 35 65 19 65 50 18 73 60 5 61 59 13 84 13 7 52 47 23 52 29 9 84 69 7 12 34 6 44 59 8 37 47 13 6 83 148 84 63 7 36 29 13;
401, 36 32 26 81 81 37 37 47 12 84 69 8 79 35 13 60 38 11 34 52 58 67 80 16 18 15 5 79 35 13 32 35 16 36 59 37 83 83 1 65 32 13 35 48 8;
402, 18 15 4 71 32 15 52 47 7 35 17 5 83 48 5 33 24 11 37 7 4 84 63 7 60 21 3 65 6 27 52 47 7 18 52 20 6 81 10 56 59 15 81 15 7 65 85 34 36 72 17 17 2 10 83 48 5 65 35 7 72 60 42;
403, 84 63 9 6 33 51 43 78 13 36 52 6 35 75 12 56 75 18 65 50 4 52 47 10 20 43 10 81 83 4 37 18 18 53 20 9 65 50 7;
404, 36 25 25 80 80 1 42 83 33 65 49 4 47 2 13 55 21 4 29 25 12 5 54 37 18 85 13 38 60 3 46 47 25 83 78 32 22 70 10;
405, 79 78 7 15 67 6 42 42 29 65 35 5 72 67 21 38 58 8 3 85 3 36 3 33 78 83 7 27 43 37 6 11 9 60 61 7 35 78 14 79 22 11 60 38 11 54 24 12 34 3 60 38 38 0 59 33 19 79 54 16 60 61 7 34 12 5;
406, 52 19 26 15 11 8 35 49 7 80 38 10 46 80 21 18 24 29 16 51 5 6 59 7 75 75 9 38 59 13 60 61 8 6 47 12 35 35 56 50 35 5 56 23 12 35 49 7 38 81 13 60 60 7 42 33 10 35 78 30 22 25 6;
407, 22 22 39 36 24 21 19 55 10 32 24 5 83 83 2 65 50 6 84 63 5 37 65 4 5 46 29 15 43 23;
408, 81 83 4 77 84 6 32 67 14 52 15 26 36 7 22 37 37 1 84 63 6 6 81 14 36 34 5 42 59 14 35 17 13 12 80 15 60 61 12 65 83 10 77 84 6 2 53 14;
409, 72 17 24 84 68 4 35 73 208 81 81 26 71 35 4 5 56 9 81 46 7 52 35 40 6 81 11 36 29 26 35 17 12 12 12 61 84 63 7 59 62 14 15 15 1 50 43 15;
410, 24 15 7 83 24 30 46 81 8 37 2 3 20 35 5 24 24 1 47 47 0 15 54 4 5 55 10 81 33 19 18 22 44 47 17 28 35 32 69 15 54 5 6 59 4;
411, 6 19 21 20 20 286 47 85 19 73 73 41 15 54 5 54 24 15 34 14 13 6 83 12 15 85 6 83 6 11 20 6 19 65 31 34 46 81 7 55 60 1 15 31 11;
412, 35 48 6 20 43 10 6 79 16 24 3 28 81 33 18 41 59 30 36 34 4 50 35 4 15 85 7 73 44 14 34 62 19 5 54 40 6 79 18 79 78 24 2 2 1 22 12 33 15 85 112 6 81 10 18 58 6 48 48 1 34 14 14;
413, 35 56 8 35 23 7 2 56 18 15 54 4 23 55 12 65 83 14 15 54 5 2 65 4 50 35 8 55 21 5 13 41 15 48 48 20 65 20 14 56 62 13;
414, 47 43 6 3 43 13 42 29 7 47 36 25 20 61 93 2 35 12 59 11 4 36 72 18 34 62 16 65 35 5 72 18 9 81 20 9 60 61 11 77 84 6 24 15 8 22 32 9 15 67 7;
415, 20 20 0 55 21 4 7 50 9 24 70 11 81 6 7 15 65 32 36 24 18 81 25 11 72 67 29 20 35 12 15 54 4 36 34 6 29 79 25 34 36 5 36 18 22;
416, 20 20 5 81 6 10 36 34 62 24 29 1 54 15 4 65 50 6 15 85 6 60 73 9 74 80 13 6 59 3 43 72 8 29 70 13 75 32 17 35 74 5 69 84 9 15 65 31;
417, 47 50 21 15 85 6 13 41 18 15 36 89 18 18 1 79 71 9 37 18 17 65 17 10 47 43 9 65 75 12 69 84 8 68 84 6;
418, 65 50 4 7 12 24 15 54 4 50 24 16 36 34 5 55 21 4 34 35 25 6 59 8 50 24 15 56 59 11 37 21 13 15 54 4 34 60 13 6 22 9 62 43 12 15 67 5 81 6 9 6 85 105;
419, 65 24 14 63 84 5 18 58 7 36 72 22 6 81 9 65 82 2 46 6 11 36 72 18 50 35 8 35 48 9 38 21 23 36 72 18 3 15 3 47 80 12 52 35 21 81 6 7 47 24 5 2 2 13;
420, 72 62 8 60 80 13 18 33 9 60 38 8 84 69 5 65 60 251 60 61 8 47 85 18 31 24 16 50 32 13 35 56 4 12 59 31 36 34 4 35 17 10 60 79 16 23 83 4 32 44 24 65 56 10;
421, 37 21 13 50 32 13 18 31 14 51 26 9 79 21 12 67 18 11 24 18 17 60 83 9 62 20 10 55 38 10;
422, 34 65 30 35 5 25 22 17 4 20 20 243 38 32 13 35 83 9 50 6 24 65 22 18 81 75 10;
423, 34 29 9 55 6 56 84 69 6 47 35 19 54 47 19 23 43 15 56 52 44 41 59 28 23 23 0 37 35 11 35 83 9 52 32 13 79 60 12 35 55 7 36 72 14 35 54 24 74 35 7;
424, 35 38 7 79 83 4 35 78 6 60 61 7 12 43 14 35 46 21 73 12 18 65 32 21 44 81 8 56 35 6 52 36 143 35 17 9;
425, 36 34 5 81 25 12 42 43 8 34 50 29 31 24 17 65 60 8 34 60 13 67 43 15 35 17 11 20 38 5 84 84 215 73 19 5 34 12 56 49 35 12 60 22 11 26 51 4 50 50 24 65 32 19 60 73 8 36 52 6 67 59 9;
426, 15 54 3 36 34 5 65 67 41 58 73 5 36 73 27 59 33 16 35 32 13 36 34 11 24 21 11 5 59 26 36 59 25 62 43 28 36 24 23 67 43 13 23 48 36 61 83 15;
427, 36 72 23 29 33 3 84 84 213 34 25 34 59 21 14 62 59 20 25 6 14 60 61 7;
428, 35 18 18 84 63 5 81 24 17 77 84 6 41 18 53 65 21 14 35 17 8 70 59 9 65 19 16 6 79 15 54 15 3 24 48 17 65 47 24 65 62 18 74 21 11;
429, 65 11 17 2 53 13 81 20 17 47 18 20 60 83 12 35 17 7 14 6 8 35 7 24 34 36 6 15 54 19 83 43 13 35 55 7 51 41 13 65 35 41 36 34 3 35 48 8 36 12 16 5 59 26 36 36 83 60 83 14 35 17 15;
430, 60 20 42 65 22 16 42 43 6 46 60 19 56 73 31 24 35 14 34 24 10 35 59 13 18 31 12 62 59 25 65 80 19 46 81 8 65 24 13 15 54 5;
431, 15 67 5 24 24 1 33 31 20 50 35 6 56 62 8 34 24 11 36 59 42 33 24 4 35 61 8 65 60 6 55 47 20 79 6 13 65 47 24 84 63 3 34 50 30 18 24 24 41 35 25;
432, 84 9 29 73 21 28 24 48 15 65 32 24 33 47 1 58 80 11 36 50 37 51 16 3 81 20 16 48 83 5 36 65 26 32 83 17;
433, 59 19 6 55 79 27 70 32 25 2 33 18 65 24 21 36 42 46 21 43 7 15 31 8 35 11 16 65 62 14 35 17 9 65 60 5 49 32 16 19 6 9 60 60 39 6 44 13 11 11 19 20 21 4;
434, 34 33 11 33 65 41 65 35 26 57 77 16 52 46 42 46 32 27 29 18 11 65 20 13 35 60 7 65 43 20 65 43 20 52 59 33 17 60 8;
435, 47 18 14 42 42 12 70 54 3 7 6 19 79 78 7 60 58 10 72 52 11 81 61 11 65 43 16 36 34 6 15 54 4 50 43 11 65 21 8 47 47 40 56 73 15 15 54 3 67 3 14 36 42 31 50 35 6;
436, 65 43 15 6 44 12 35 58 11 19 6 8 36 34 5 25 19 39 35 83 11 36 24 19 49 4 50 36 72 13 77 84 8 79 29 17 17 43 14 6 81 12 35 83 12 71 12 20 38 38 3 15 31 10;
437, 38 6 13 55 59 17 36 34 7 43 44 22 55 12 18 35 17 9 71 12 18 75 67 22 46 43 17 47 4 43 15 31 7 34 47 10 83 83 2 35 65 9 38 38 2;
438, 36 6 22 34 21 21 29 15 8 84 13 9 36 34 6 55 20 24 36 12 8 29 46 43 65 32 17 35 7 13 36 42 28 38 62 10 56 21 5 32 67 15 36 52 7 36 34 11 38 62 10;
439, 81 52 22 32 83 17 83 81 9 7 7 0 79 53 13 55 83 7 35 6 18 36 34 3 35 59 15 36 52 7 56 21 6 36 52 7 35 59 13 71 73 15 49 49 78 36 34 3 56 48 16 36 34 5 61 29 8 70 54 4 35 49 6 32 65 23;
440, 35 20 4 36 72 20 77 84 7 32 24 7 65 21 9 17 43 14 60 61 8 5 38 23 62 11 44 32 65 27 65 72 18 83 53 13 65 6 16 84 69 6;
441, 54 15 3 2 11 17 46 55 26 61 60 4 52 15 18 35 73 9 54 43 18 65 65 76 7 7 1 65 50 6 56 81 17 35 46 23 75 29 19 60 32 14 36 54 38 36 52 13 81 24 24;
442, 83 83 148 2 48 12 79 75 4 46 75 14 65 60 4 83 59 10 7 7 1 34 22 16 44 46 32 82 67 27 2 33 19 81 32 18 17 24 20 59 44 14 44 44 1 65 24 22;
443, 5 59 32 36 34 7 17 60 11 47 74 10 36 47 19 75 29 18 65 43 15 22 59 4 54 15 3 65 19 12 53 20 11 48 35 14 84 69 7 65 60 7;
444, 17 60 10 7 7 0 65 24 18 35 49 7 65 71 10 62 85 32 84 6 37 50 35 7 32 25 9 35 17 13 6 83 13 65 48 11 29 15 9 59 33 18 65 81 40 50 43 12 35 50 7 65 71 6 83 59 9 60 20 45;
445, 65 32 45 25 6 5 36 34 4 62 43 27 65 32 16 22 24 14 5 33 38 65 2 15 82 67 31 7 7 1 65 48 8 6 83 12 37 7 62 44 43 29 65 2 3 69 84 16;
446, 46 48 15 36 34 5 50 65 11 36 72 17 6 13 63 36 62 26 35 5 33 2 65 3 36 21 31 22 72 12 36 47 13 34 85 40 61 61 0 65 21 9 6 59 5 36 34 7 32 32 1;
447, 35 82 5 84 63 4 54 18 7 5 35 41 62 22 11 65 71 7 24 24 11 6 6 12 36 34 4 56 59 14 61 67 21 84 27 6 79 43 18 35 20 4 34 15 16 44 84 38 35 17 10 32 25 8 51 10 4;
448, 35 17 9 53 59 7 36 21 31 65 21 13 65 32 17 36 47 14 36 15 31 65 25 19 73 12 16 36 47 14 43 50 16 65 79 16 36 34 4 60 61 7 72 74 9 62 33 11 52 52 2;
449, 7 7 0 47 55 7 38 43 9 18 18 0 24 21 5 60 60 2 46 32 30 81 21 11 35 47 26 36 29 15 83 3 17 65 24 15 84 84 196 62 20 14 47 15 13 34 55 19 65 35 7;
450, 65 81 28 18 11 20 34 67 24 72 85 89 84 63 5 62 22 11 78 81 14 54 18 8 18 24 9 52 35 25;
451, 42 58 10 49 49 0 12 15 19 18 25 5 56 11 18 35 49 6 81 32 16 65 43 15 59 59 1 61 18 8 38 35 6 65 15 24 60 38 17 35 20 192;
452, 81 6 8 49 44 42 34 43 16 52 47 8 33 48 27 21 60 1 61 18 9 60 6 17 5 33 23 81 75 8 44 6 202 35 35 50 78 81 14 60 58 13 67 33 26 65 43 18 65 65 1 35 17 11 81 21 13 35 17 10 59 32 14 24 21 8 6 11 6 72 61 15 35 73 6;
453, 84 27 5 65 21 11 59 33 16 78 35 10 78 35 7 60 47 34 47 46 28 36 29 16 35 50 8 48 35 8 60 7 14 65 36 116 35 79 14 19 49 2 24 50 13 65 25 18 72 60 8;
454, 65 21 16 36 29 17 53 20 12 33 15 11 22 53 7 51 28 176 52 32 12 44 6 12 15 85 13 65 42 16 7 55 9 34 36 4 52 6 17 24 31 13 36 32 16 25 29 9 61 60 3 63 63 47 81 6 10;
455, 2 17 16 83 36 112 56 21 8 81 31 13 78 78 1 5 33 30 46 24 30 62 59 18 36 59 24 27 4 16 50 24 14 52 72 12 22 24 13 36 65 29 24 42 8 60 61 7 50 14 15 32 24 12 65 24 16 61 43 12 47 51 33 34 67 24 36 29 19 52 47 7;
456, 52 72 7 22 12 20 36 32 16 6 59 4 36 34 5 65 83 64 34 32 13 48 35 10 35 17 8 60 61 7 36 34 5 50 50 36 15 67 5 84 63 6 62 73 9 49 33 21 3 15 5 36 15 29 16 1 23 60 59 17 15 31 6;
457, 78 24 23 36 52 7 48 47 17 65 56 11 13 4 16 36 18 23 52 32 11 36 47 14 60 20 9 65 42 16 36 47 16 35 17 10 60 22 13 74 32 83 63 84 6 21 61 10;
458, 65 46 33 52 29 13 81 59 6 2 20 26 84 84 37 15 31 7 36 12 12 24 50 21 34 34 1 36 29 16 48 34 25 36 29 17 74 65 19 84 45 124 52 12 3;
459, 78 78 0 35 7 9 27 67 52 5 55 18 24 24 31 36 67 27 84 63 5 19 25 21 24 78 20 65 43 17 72 47 25 34 32 14 65 11 14 60 58 11 82 65 3 35 48 10 65 61 12 74 55 8 34 47 20 38 38 1 57 26 3;
460, 24 21 9 33 43 45 78 17 4 81 32 14 34 22 16 51 45 7 54 15 3 65 11 14 36 34 6 59 38 10 61 83 88 72 18 10 50 43 14 27 84 5 23 20 6 81 79 5 32 33 5 35 79 13 36 50 43 52 72 7;
461, 36 24 21 36 29 18 12 47 7 51 41 10 65 48 13 36 29 18 62 73 9 36 29 18 46 81 9 24 24 0 84 63 3 36 52 7 68 69 4 47 42 15 33 55 21 34 24 17 65 32 16 35 75 20;
462, 35 21 6 65 38 11 33 43 43 35 17 7 65 81 18 81 54 21 24 78 18 36 62 18 81 6 8 35 35 46 2 17 15;
463, 60 61 6 52 12 58 36 60 29 60 12 22 35 48 11 47 12 7 27 84 5 24 2 19 22 21 6 60 19 17 65 81 20 62 5 124 50 35 7 65 20 12;
464, 68 69 5 82 43 16 36 52 8 36 12 10 35 43 11 65 46 21 42 58 6 74 35 6 81 32 11 46 48 12 47 43 10 83 22 4 50 24 15;
465, 58 21 10 22 60 4 36 29 19 20 59 14 49 81 16 60 22 16 2 79 60 34 24 16 50 17 6 36 12 11 60 81 25 34 33 10 79 79 1 65 6 27 84 63 4 58 58 0 35 35 1 18 47 8 65 21 13 33 24 5 84 84 124 79 81 161 58 17 4;
466, 46 11 11 77 13 9 35 49 7 79 81 53 7 7 1 81 35 15 24 58 15 20 21 4 82 43 14 83 43 9 65 21 9 20 43 9 35 50 5 36 62 30 81 35 14 5 29 34 61 61 1;
467, 79 74 78 51 1 6 58 17 4 47 21 13 37 78 43 67 32 29 35 35 1 2 2 0 5 5 53 84 63 4 22 59 3 65 20 11 44 29 28 61 38 4 72 36 18 36 52 11 63 63 28 65 59 18 5 55 14;
468, 79 48 23 31 72 28 65 21 15 36 72 19 61 36 88 35 43 11 55 22 14 72 29 2 45 68 25 69 84 9 21 37 17 2 48 11 15 50 16 61 32 10 51 1 6 35 49 3 19 79 8 34 61 21 72 29 3 65 21 16 22 12 20 2 79 12 52 29 15 6 59 3 65 32 18 27 84 4;
469, 36 55 218 60 22 12 24 11 18 15 52 25 52 29 12 35 79 12 32 18 6 6 59 4 7 35 8 24 72 46 65 65 1 42 6 23 72 20 14 74 32 15 52 43 19 58 49 2 78 79 6;
470, 84 63 3 6 20 24 81 84 35 52 32 9 20 35 199 25 15 7 42 14 31 84 13 7 15 54 6 81 6 24 74 75 18 79 48 10 5 52 22 37 35 10;
471, 60 20 8 17 32 19 42 43 8 24 12 11 55 19 16 2 78 30 12 12 0 35 38 6 24 58 10 20 11 9 71 35 5 81 32 15 48 24 19 65 46 26 55 73 9 79 32 13;
472, 24 33 1 52 18 16 74 38 11 20 60 63 5 34 14 38 60 3 34 33 14 81 73 12 61 60 2 65 32 19 35 35 1 24 7 35 11 44 8 60 22 12 84 13 5;
473, 57 13 53 58 83 121 24 24 25 84 13 7 67 15 5 52 33 8 44 32 22 36 34 5 35 58 12 85 3 5 32 83 17;
474, 59 52 34 16 3 34 34 61 24 42 19 12 21 38 6 21 78 39;
475, 35 75 13 83 21 6 72 25 11 20 11 10 32 38 14 19 20 30 46 35 27 63 63 0 36 34 5 52 32 9 12 47 7 5 81 25 65 32 18 47 43 20 5 81 25 63 84 6 78 32 26 6 20 22 18 21 19 81 73 12;
476, 44 32 22 65 20 13 79 6 12 46 52 52 15 43 14 37 35 9 52 6 56 34 33 11 73 53 8 18 85 11 83 43 13;
477, 34 72 11 51 64 3 19 6 14 52 51 53 60 35 6 60 20 158 2 35 9 83 83 2 84 77 13 48 65 15 34 59 42;
478, 44 81 11 53 17 17 20 73 3 34 36 41 34 50 35 7 7 1 50 71 9 73 43 10 65 20 9 39 54 26 12 36 9 35 60 51 35 33 19 50 73 10 15 15 38;
479, 34 72 14 60 38 9 34 2 39 59 38 9 56 18 23 34 32 17 41 51 13 15 54 5 21 21 1 12 82 57 15 31 8 83 83 1 24 18 7 42 43 9;
480, 6 67 58 20 43 10 65 65 38 15 31 7 83 6 11 20 50 4 22 53 6 34 72 57 19 55 14;
481, 85 3 5 21 81 19 78 25 16 24 58 12 81 6 10 35 75 13 77 13 4 20 43 11 33 15 10 46 32 27 59 22 8 35 52 19;
482, 5 18 26 46 55 22 21 50 19 84 63 5;
483, 35 74 43 7 7 0 52 44 34 21 22 106 47 25 10 15 67 5 37 53 21 65 60 4 21 82 10 65 82 5 22 81 11 17 60 9 83 83 1 82 35 7 73 35 10;
484, 25 36 21 24 58 13 19 7 22 15 54 5 52 38 14 60 11 17 61 61 1 7 7 1 24 24 1 5 18 24 24 11 16 65 33 27 81 44 39 35 32 14 6 19 25 79 32 16 5 43 36 51 10 7;
485, 43 21 7 11 44 28 33 32 58 56 32 16 24 18 8 83 33 52 6 6 105 62 43 19 21 61 3 36 43 14 72 35 54 46 32 25;
486, 61 60 6 55 43 11 5 65 27 61 61 1 52 34 7 2 72 54 5 65 27 12 72 5 59 6 5 83 21 8 42 53 3 35 53 9 5 43 20;
487, 22 17 31 34 29 44 50 43 14 35 17 9 61 38 4 20 32 11 35 58 46 53 53 13 55 61 4 35 17 8 48 17 55 79 79 1 35 73 40 19 17 8 20 73 2;
488, 5 32 45 61 32 8 75 35 8 35 5 52 79 43 16 6 19 9 81 61 9 83 81 8 42 47 11 36 34 3 34 72 12 43 21 7 79 48 7;
489, 48 83 5 50 43 12 33 49 40 19 61 6 20 46 15 81 6 7 65 33 21 22 55 16 20 78 24 79 32 20;
490, 35 20 5 51 10 3 2 43 18 24 72 21 52 55 32 82 65 15 20 60 39 81 6 9 65 33 21 79 53 12 65 83 14 12 67 24 34 36 5 83 81 8;
491, 81 24 22 65 47 19 47 19 15 46 81 9 79 75 5 65 65 35 35 43 13 50 35 4 52 38 11 12 47 10 79 15 15 6 80 14;
492, 47 7 11 79 79 0 33 81 20 52 15 22 65 72 26 2 79 23 33 60 29 25 47 22 17 52 25 4 4 1 22 14 9 67 62 41 79 52 26 52 47 12 72 43 7 24 12 9 65 60 10 34 72 10 81 43 52 71 48 7 15 54 6 73 70 26;
493, 35 56 5 15 24 20 56 32 37 81 73 13 79 22 172 54 15 3 15 67 5 51 41 8 22 43 23 55 38 8;
494, 35 24 15 4 47 32 34 47 33 35 48 8 24 42 33 7 7 1 35 74 42 4 51 5 20 34 17 41 39 6 35 74 5 35 67 33 59 82 21 20 35 8;
495, 60 73 10 52 72 13 18 21 26 22 50 21 20 11 15 65 35 16 36 23 28 35 17 9 37 54 29;
496, 52 72 12 49 59 22 84 63 4;
497, 33 33 14 75 38 39 84 13 6 2 79 16 38 38 2 84 77 6 47 2 23 46 46 63 18 15 5 84 77 6 60 35 6;
498, 6 22 8 46 81 10 35 20 34 47 71 20 44 43 21 34 48 29 21 43 9 81 46 9 34 75 40;
499, 22 6 10 5 43 23 50 7 20 65 20 15 20 32 11 35 49 8 38 38 11;
500, 24 32 5 44 44 2 61 20 6 34 24 49 77 84 5 35 48 8 84 84 70 48 47 18 52 72 14 79 43 18;
501, 35 71 28 24 15 9 5 50 143 60 60 1 56 35 5 32 35 28 35 17 9 54 15 4 35 35 0 17 52 23 37 47 30 3 19 25 20 75 10 5 83 23 34 34 48;
502, 47 78 45 12 55 10 36 25 22 59 82 21 36 34 4 47 21 13 60 21 9 37 67 36 44 35 20 35 52 22 69 84 7 58 21 12;
503, 36 29 15 12 67 31 75 35 14 36 34 174 21 82 9 22 22 40 42 25 15 21 43 8 60 61 6 33 22 21 35 73 8 55 20 8 5 38 24 21 20 6 11 35 17 27 84 5 55 60 2 34 33 41;
504, 43 60 4 75 35 13 72 35 15 60 60 132 34 72 12 81 32 29 15 24 13 2 72 20 34 74 38;
505, 72 35 14 19 21 8 27 51 13 36 32 27 65 60 4 73 20 35 47 21 15 46 81 26 5 55 17 73 38 7 34 6 39 79 11 11;
506, 33 47 25 72 72 63 49 55 32 36 67 44 44 43 21 43 81 40 61 24 11 65 79 18 5 32 25 1 25 173 34 6 39 6 79 12 81 15 9 6 81 14 74 25 26;
507, 35 73 15 58 50 49 34 72 56 36 47 20 54 17 50 47 47 55 46 6 12;
508, 12 67 27 6 47 15 83 32 12 63 84 11 2 2 1 12 32 10 33 15 11 35 65 7 5 20 27 65 46 25 15 54 6;
509, 12 32 9 7 59 28 36 72 15 15 54 5 12 24 10 79 60 12 81 33 17 84 69 5 35 71 66 61 60 7;
510, 35 58 7 36 33 15 37 60 8 72 72 8 15 67 7 34 52 4 51 45 7;
511, 73 81 49 46 32 20 72 24 10 36 34 5 44 43 18 65 43 18 60 21 5 48 43 15 24 43 4 21 43 7 15 54 4 83 32 18;
512, 36 34 7 24 18 10 36 34 3 67 44 34 63 13 43 44 78 35 42 43 7 24 24 28 32 20 17 34 47 13 50 6 17 6 54 6 34 72 9 70 54 3 38 73 35;
513, 44 73 13 49 54 24 81 15 8 12 47 7 21 24 11 84 63 7 83 3 28 79 47 23 36 72 19 48 81 28;
514, 65 65 53 12 43 12 6 43 16 61 61 0 83 75 5 73 32 17 6 75 22 3 32 18 49 18 21 12 24 40 32 35 22 51 51 2 73 35 26 59 56 19 3 43 14 47 32 3 81 32 16 72 43 5 84 69 9 35 17 7 34 47 42;
515, 73 35 9 61 32 12 55 5 10 32 20 16 6 54 5 37 35 21 24 29 1 56 19 16 47 72 35 7 55 8 32 18 8 33 15 11 35 35 42 24 60 9 72 29 7;
516, 51 41 13 55 49 9 82 79 49 34 42 26 7 3 31 50 24 14 35 7 29;
517, 67 54 7 65 67 30 22 21 7 49 24 25 35 7 29 65 43 26 48 48 31 65 2 4 71 33 16;
518, 12 85 32 22 14 4 22 20 10 65 24 18 33 50 22 21 53 7 43 18 31 79 25 18 84 63 3 82 43 17 32 48 20 34 21 18;
519, 15 24 13 81 36 55 12 24 19 54 15 4 65 56 99 73 82 17 67 18 33;
520, 19 11 5 73 82 14 55 47 16 37 43 20 83 32 16 59 67 17 57 27 21 24 62 45 79 52 26;
521, 27 84 6 33 22 52 65 35 15 65 20 9 35 35 0 2 15 22 5 32 20 65 20 7 35 79 16 37 47 19;
522, 6 11 5 73 20 49 56 83 19 49 60 19 35 58 36 32 32 80 55 38 10 35 58 12 36 72 38 72 18 27 33 32 4 55 59 23 7 72 42 71 12 24;
523, 65 43 17 48 35 76 35 50 6 50 60 7 65 18 19 6 15 30 35 48 8 21 60 1 51 47 36 36 12 8 35 50 7 72 43 10;
524, 29 33 4 49 49 43 36 47 21 21 33 13 72 47 25 49 24 47 54 39 38 65 22 26 29 15 15;
525, 35 78 22 27 84 5 65 24 21 15 24 23 65 50 27 5 60 12 65 35 5 71 35 6 85 33 29 53 24 7 62 72 11;
526, 34 52 4 35 58 43 23 81 19 81 35 14 34 72 9 81 73 10 36 72 15 60 61 104 15 33 16 52 31 38 7 65 19 56 83 15 2 2 78 35 60 1;
527, 32 32 42 75 43 17 60 61 82 33 50 14 81 18 11 60 38 9 13 57 34 34 47 9 32 33 5 44 22 57 19 43 11 60 29 29;
528, 65 82 24 50 78 19 65 33 19 20 78 19 60 20 21 59 47 23 5 24 19 43 80 6 75 50 12 2 65 73 24 36 29 32 33 9 35 62 6;
529, 72 81 23 81 6 7 42 24 8 49 65 62 7 7 0 2 35 45 60 29 24 85 47 20 15 18 5 6 67 6 60 20 37;
530, 43 43 1 46 49 10 35 29 30 68 68 76 18 24 8 22 22 19 7 35 10;
531, 54 15 4 35 71 48 33 47 1 29 15 13 35 7 8 54 22 75 43 43 1 36 72 35 81 32 13 36 47 10 81 21 18 35 50 9 27 84 5 11 36 46;
532, 47 35 38 35 48 73 65 35 9 35 75 15 6 33 45 56 65 11 43 43 52 78 78 17 11 36 45 82 25 22 20 47 13 35 35 32 25 32 11 5 21 13;
533, 62 32 40 65 35 6 65 60 7 72 21 34 60 49 18 43 43 26 33 33 0 24 70 48 33 12 8 43 18 8 61 21 3 49 50 11;
534, 84 13 5 46 46 42 47 72 41 43 35 15 7 24 48 73 81 14 60 21 47 51 1 32 46 43 20 73 58 16 35 82 7;
535, 60 38 10 71 35 2 35 60 4 47 62 26 84 13 8 36 22 26 60 24 59 22 32 16 52 15 15 43 21 9;
536, 63 45 14 36 24 13 15 18 5 84 68 70 7 7 0 54 70 4 79 79 41 20 47 10 34 43 25 79 62 27 84 69 7 37 33 18;
537, 61 61 1 7 7 0 19 43 10 38 24 52 22 32 10 72 36 71 55 12 15;
538, 12 33 6 38 60 2 65 33 29 80 33 14 81 72 21 41 41 43 13 27 2;
539, 55 38 9 67 35 43 61 21 6 52 52 0 15 18 4 36 52 7 18 24 6 36 12 80 79 75 12;
540, 36 47 20 24 21 133 42 53 3 47 34 17 81 35 31 35 21 50 36 72 25 15 85 9 81 61 9 22 32 10 81 6 11;
541, 47 15 10 72 47 29 60 20 11 33 24 11 71 29 57 32 65 25 52 29 21 81 24 31 18 16 43 74 12 24;
542, 6 44 13 32 34 15 35 43 39 65 60 11 81 25 12 35 60 23 20 43 8 35 20 12 24 34 16 37 65 16;
543, 50 58 15 7 35 8 35 6 125 60 55 7 32 56 38 5 71 31 74 2 26 58 24 13 74 35 4 75 43 14 22 17 5 36 29 16 11 6 8 65 24 26 72 72 12;
544, 79 34 130 32 47 3 35 82 11 81 46 22 50 35 6 6 22 10 43 43 69;
545, 35 60 101 36 35 22 36 36 45 32 61 7 42 33 13 25 25 1 36 52 32 72 47 104 5 65 18 6 6 12 25 32 9 47 49 17 21 21 13 35 46 20 6 6 12 32 33 5;
546, 32 32 0 24 70 16 36 12 33 59 20 27 36 12 33 33 43 8 46 60 18 25 38 15 36 72 14 81 65 32 36 43 31 52 15 21 81 46 9 32 20 15;
547, 37 38 17 15 54 3 32 53 7 81 33 20 47 72 49 35 65 36 36 35 30 82 82 24 43 79 25 36 35 48 65 7 7 36 50 42 15 59 22;
548, 60 22 15 25 50 29 29 15 13 81 60 10 52 72 18 65 33 15 60 22 20 56 25 28 22 22 78;
549, 20 32 13 51 26 8 71 43 18 72 47 7 6 48 56 46 11 14 72 22 45 72 47 60 20 61 10 22 19 55 34 72 32 65 82 8 43 38 14 51 10 8;
550, 71 43 17 65 60 7 52 47 37 33 4 106 72 46 51 58 24 16 52 12 6 36 2 28 59 60 27 52 12 5 24 24 0 21 21 1 22 11 30;
551, 62 12 21 20 20 0 49 25 20 20 60 18 6 81 11 46 59 14 72 60 13 20 35 3 57 26 5 60 48 14 36 53 22 60 38 12;
552, 72 60 6 36 29 15 24 42 56 17 75 12 11 11 9 81 81 27 32 5 44 43 32 4 70 17 34 36 29 17 65 78 7 60 71 8 47 29 47 20 43 8 78 78 1 82 65 3 12 85 28 21 38 7;
553, 60 70 23 47 47 1 60 50 29 20 60 12 78 21 11 69 41 32;
554, 46 11 35 65 55 47 5 49 16 21 32 10 12 21 18 15 54 5 67 24 16 49 25 19 50 21 30 38 60 4 24 32 28;
555, 65 43 15 47 18 9 54 70 7 55 47 51 21 21 1 32 47 35 53 55 15 6 6 21 6 83 9 21 62 6 81 81 60 46 81 56 20 6 18;
556, 36 50 42 61 61 1 36 33 57 13 68 6 5 37 7 44 33 20 81 83 16 24 79 17 29 61 53 12 85 24 25 67 9 12 24 10 82 72 48 35 48 12 12 24 17;
557, 32 29 28 59 7 25 29 61 24 42 58 10 34 12 4 36 62 19 61 44 14 58 20 7 81 72 19 20 48 47 82 21 17 35 55 10 6 46 54 65 50 6 6 46 54 20 62 15 36 36 4 60 43 13;
558, 13 84 6 46 62 35 72 72 3 72 65 24 62 7 9 35 35 25 35 75 10 34 34 50 56 35 6 72 15 9 65 65 1 78 21 9;
559, 62 65 28 5 20 87 50 36 31 59 59 37 19 32 10 81 6 55 63 63 1 78 78 1 6 11 8 15 54 5;
560, 81 44 8 12 12 1 17 78 4 82 82 18 74 58 17 6 24 15 56 47 41 63 10 16 78 78 1 65 79 22 43 32 5 72 32 56;
561, 52 53 60 21 33 14 52 52 1 53 65 19 46 59 13 36 24 7 29 47 29 15 65 24 78 17 4 65 6 36;
562, 36 24 20 25 32 16 29 5 40 12 24 10 50 58 42 24 48 43 6 11 9 34 11 28 33 33 26 72 34 11 32 58 15 35 48 13 47 12 44;
563, 62 56 14 18 29 10 52 47 11 74 22 26 65 35 5 11 18 16 6 79 17 24 53 7 18 79 45 35 48 42 50 32 16 5 50 20 35 7 6 21 33 37 63 10 15 83 35 8 38 38 0 21 21 1 24 38 14 50 32 17 35 60 1;
564, 65 24 35 36 72 23 75 32 18 33 62 30 60 65 42 38 52 23 17 23 67 24 42 43 61 61 38;
565, 61 61 35 60 71 8 65 60 9 31 72 60 65 22 32 21 61 16 72 47 38 33 33 27 38 38 33 79 82 25 24 42 28 61 32 41 72 5 31 46 18 21 21 34 19;
566, 22 19 45 51 26 6 5 82 9 72 12 51 46 20 21 32 58 17 13 84 6 7 32 37 36 70 27;
567, 81 32 32 36 85 37 58 48 38 47 58 15 50 60 7 60 38 11 11 52 18 60 22 9 60 5 30 36 34 6;
568, 65 65 48 6 83 8 11 11 13 36 14 16 58 65 14 3 72 26 20 55 8 21 21 7 41 70 20 14 53 2 50 15 25 63 84 10 6 22 10 75 6 15;
569, 81 61 13 72 47 62 50 38 8 25 25 12 6 22 9 69 84 7;
570, 13 13 4 2 5 17 72 79 102 47 12 8 81 11 16 46 45 34 32 36 94 42 53 7 47 44 55 36 24 25 74 58 19 35 60 1 49 32 23 84 84 21 22 20 10;
571, 12 12 0 50 24 18 42 24 7 35 20 50 20 43 7 78 35 9 84 63 10 65 72 27 18 18 19 24 78 22 74 19 19 35 7 6 70 25 10 45 68 51 36 36 35 19 32 8 24 49 35;
572, 35 56 6 18 32 7 21 67 23 12 72 7 65 6 22 5 50 29 52 62 15 58 22 5 35 35 32 26 63 21 62 20 45 79 11 8;
573, 81 43 49 35 35 1 58 32 11 5 24 32 24 23 18 5 32 42 22 60 17 35 48 40 84 67 28 20 59 14 24 22 11;
574, 43 50 12 22 50 16 18 18 39 36 52 11 58 43 10 55 38 10 35 50 24 33 47 19 52 59 32 71 43 17 47 47 0 60 71 7 35 62 8 6 79 14 36 47 13 21 72 31;
575, 71 59 43 58 22 33 72 36 24 5 32 40 47 47 51 72 72 45 61 75 28 60 22 9 71 43 16 29 58 21 7 60 26 60 61 7 15 54 3 36 47 23 82 38 13 47 47 1;
576, 29 29 14 18 33 11 35 36 34 24 29 24 47 22 20 61 55 12 34 32 20 47 2 12 84 63 7;
577, 46 29 25 3 3 48 11 18 18 36 34 6 43 24 44 18 70 7 52 65 26 12 47 5 11 32 16 62 58 21 53 42 33;
578, 44 32 17 20 35 4 11 24 18 69 69 34 45 45 15 55 33 48 20 7 12 24 11 16 62 15 26 5 38 19;
579, 12 72 23 36 5 18 27 84 6 56 48 26 81 43 26 38 60 3 39 18 28 22 52 26 33 46 44 35 20 6 29 12 14 12 33 7 35 23 26;
580, 65 75 11 65 65 57 38 55 9 72 61 12 26 41 16;
581, 20 62 13 1 4 6 24 79 26 82 18 26 78 49 8 61 61 14 11 22 58 47 47 19 65 20 46 70 54 12 11 81 33 65 37 4;
582, 61 61 1 60 38 20;
583, 7 20 11 60 61 7 47 58 11 34 34 46 65 21 12 6 44 29 75 78 19 43 43 1 58 73 24 21 33 16 6 46 17 81 81 23;
584, 35 72 32 3 24 20 77 4 17 20 32 11 53 53 18 82 44 28 43 43 11 6 46 22 61 6 22 5 61 15 51 64 3 22 55 16 81 61 12 78 78 39 37 20 28;
585, 50 32 14 21 21 4 74 71 11 6 11 8 5 65 12 61 75 16 35 60 34 65 60 7 81 29 13 56 47 24;
586, 62 35 9 72 72 11 2 74 5 44 46 27 59 32 11 60 38 11 17 2 13 55 20 9 45 84 59 34 36 4 35 32 27 62 7 9 56 47 14 72 19 20 32 32 17;
587, 5 72 18 47 67 27 65 35 23 60 35 39 75 50 46 5 62 16 83 35 54 78 21 14 81 79 36 36 52 47;
588, 65 72 39 83 62 16 61 61 1 35 20 34 35 75 12 10 10 1 83 3 17 5 62 15 36 34 5 47 65 25 65 35 4 65 24 27;
589, 44 44 0 79 36 75 24 52 39 49 50 36 62 20 18 29 21 11 65 20 7 71 60 66 33 29 62 22 7 30 61 20 6 44 79 27 15 32 14 79 32 35 65 32 26 65 32 26 79 32 22 20 35 4 32 23 22 65 20 11;
590, 22 60 31 72 36 19 36 12 8 33 52 12 7 29 22 54 54 0 24 38 58 32 72 24 47 32 21 60 35 7 81 3 24 36 32 17 83 60 49 81 44 6 43 21 10 29 21 10;
591, 12 12 32 24 50 18 5 62 13 54 15 5 75 79 5 65 65 56 22 22 17 36 56 43 22 46 48;
592, 60 46 68 47 34 13 33 33 26 68 84 6 47 48 35 60 38 10 73 48 15 34 29 13 20 35 4 52 35 18 59 6 7 73 48 16;
593, 61 55 11 36 43 37 2 38 39 20 20 1 60 60 88 78 60 9 83 34 83 36 72 12 5 65 13 72 14 12 18 33 10 24 7 26 60 60 23;
594, 72 79 24 20 62 10 22 24 15 79 58 8 62 35 31 20 21 5 43 67 16 81 83 2 47 21 52 74 46 22 78 25 18 35 17 10;
595, 36 34 4 35 60 37 24 58 19 32 12 10 35 36 43 33 64 46 81 44 5 11 83 29 35 62 8 61 20 13;
596, 22 22 34 43 22 57 21 29 12 44 17 56 72 62 11 15 19 30 59 24 50 61 60 4 45 15 27 5 32 50 44 17 56 81 32 18 35 32 18 5 56 7 72 47 38 36 36 34 61 61 36 11 6 8 18 52 28 38 17 5;
597, 22 46 50 35 34 61 61 61 1 21 38 7 35 81 16 24 73 18 44 81 8 56 47 30 36 35 26 72 36 16 15 24 12 44 32 23 33 21 19;
598, 36 34 6 24 38 17 56 14 18 61 60 8 22 65 18 67 25 17;
599, 60 22 11 70 54 4 47 11 62 60 72 43 24 60 25 6 81 13 5 18 35;
600, 35 35 41 52 46 28 60 38 9 47 43 7 50 32 17 58 43 11 35 7 8 60 59 15 65 32 18 2 2 0 5 7 7 24 32 7 52 24 10 46 46 32 48 19 13 65 7 8 32 43 27 7 83 19 24 60 9 65 7 8;
601, 55 65 11 33 4 35 46 32 32 33 12 8 2 2 0 34 52 8 19 6 41 58 58 0 47 55 12 7 20 8 18 15 7 83 83 32;
602, 61 61 2 35 35 2 34 20 23 72 24 35 35 65 9 53 67 46 35 50 6 52 12 3 43 73 39 68 51 18 62 31 23 78 75 44 58 32 8 6 49 13 54 15 4 2 82 4;
603, 65 21 5 65 54 31 20 50 10 65 48 9 6 65 26 78 71 20 75 21 7 29 47 10 50 50 1 78 58 14 5 82 12 65 33 37;
604, 33 71 25 56 55 5 41 54 47 73 46 19 35 60 13 20 38 4 44 18 32;
605, 24 21 10 62 58 15 61 7 18 24 12 9 20 60 3 81 46 21 24 24 42 24 58 16 63 84 6 47 47 0 38 18 31 72 60 12 41 4 24 24 67 13 38 18 31;
606, 34 36 5 24 24 0 47 32 5 12 12 1 48 20 11 32 72 8 50 21 10 81 60 30 42 32 6 33 58 16;
607, 27 84 4 22 22 32 47 55 8 46 81 54 36 32 14 5 67 74 24 67 14 65 65 71 24 60 8 12 80 34 82 73 11 65 65 26 21 36 23 36 12 16 33 25 11 38 56 11 7 35 11;
608, 20 65 43 44 33 32 42 60 9 74 82 9 20 47 15 38 32 13 7 35 24 55 24 20 32 81 26 61 19 6 70 36 35;
609, 22 18 5 47 15 15 12 47 7 60 35 15 65 11 14 80 42 26 50 21 9 22 34 39 84 69 8 15 15 11;
610, 33 15 18 36 29 17 4 77 22 67 24 12 48 48 0 36 12 24 35 35 1 35 17 7 7 7 1 75 79 21 48 35 8 65 32 25 52 65 25 63 26 18 81 53 31 65 32 30 35 17 5 42 58 15 65 20 7;
611, 58 22 6 48 48 0 22 32 15 67 67 1 35 21 13 15 54 4 32 60 6 81 46 17 26 33 33 65 67 29 29 20 28 33 18 10 61 60 8 24 54 15 52 32 17 32 43 16;
612, 7 35 6 65 7 7 48 56 76 12 12 13 65 7 7 60 38 11 36 29 29 65 65 53 11 60 14 33 85 23 67 18 8 60 38 9 33 52 11 12 52 31;
613, 67 29 70 46 67 26 65 24 21 22 6 7 55 71 10 65 6 31 43 83 15 48 11 9 67 18 10;
614, 81 24 20 61 20 41 6 44 48 26 26 60 29 18 11 72 72 0 6 24 19 13 63 11 14 55 18 22 33 22 65 2 3 49 60 14 29 24 32 15 54 4;
615, 59 15 9 61 20 40 69 69 47 79 32 22 47 43 51 36 72 22 79 32 22 81 49 8 55 50 13 24 22 13 84 9 14 81 49 7 65 35 5;
616, 7 43 24 65 33 26 79 52 47 47 48 25 55 55 54 22 23 10 72 25 13 46 29 26 4 4 1 12 52 22;
617, 73 38 11 56 78 12 12 72 7 67 15 7 68 51 13 18 47 11 65 22 29;
618, 44 24 25 84 41 19 60 60 37 67 18 41 48 48 0 7 7 0 18 24 12 24 52 10 2 65 4 73 42 11;
619, 59 5 43 84 32 38 47 47 35 55 35 52 36 6 38 11 35 23 12 33 15 24 62 16 33 21 14 52 11 23 35 33 15 12 47 6 7 35 10 32 7 24 62 79 24 22 60 10 71 59 14;
620, 82 82 4 18 42 32 72 47 33 36 5 21 50 32 16 52 73 22 7 29 17;
621, 72 62 48 18 32 6 53 52 51 52 72 11 61 61 25 21 24 13 73 50 11;
622, 22 24 14 4 51 3 22 33 23 20 20 1 83 20 11 47 18 20 81 46 7 84 69 5 67 24 19;
623, 12 52 4 15 36 43 20 79 49 60 60 31 44 6 47 47 18 10 5 32 19 65 21 11 48 23 6 47 18 14 52 18 22 65 65 1 37 52 15 47 18 13 55 61 9 83 58 15;
624, 71 75 11 19 38 45 46 73 16 60 72 34 44 11 11 24 24 28 20 65 15 50 81 20 4 51 4 67 15 6 33 5 17 52 21 22 65 60 7 75 48 3 21 78 15;
625, 59 75 11 3 19 21 12 36 40 47 32 21;
626, 44 29 27 20 50 34 35 80 9 35 75 11 37 65 5 25 81 17 29 47 14 24 15 9 60 35 12 46 46 61 60 62 8 50 35 8;
627, 6 6 29 35 7 5 33 32 7 72 36 19 35 7 9 61 11 12 29 67 18;
628, 49 72 67 33 47 18 46 18 21 15 24 22 36 12 13 47 15 14 52 72 12 21 32 9 15 24 9 50 35 5 22 58 3 25 42 10 52 52 9 60 38 11;
629, 38 61 2 35 21 4 55 60 1 11 34 31 32 72 6;
630, 47 35 18 54 70 39 56 59 24 2 33 16 24 33 2 60 60 18 12 12 1 34 67 31 54 54 1 65 7 6 38 43 14;
631, 43 47 8 48 47 34 59 42 7 54 67 70 26 51 6 12 34 10 65 20 8 79 47 7;
632, 47 32 43 32 29 7 35 7 6 24 3 22 18 18 1 51 26 7 38 38 12 33 24 8 6 6 44 21 11 16 60 81 31 12 12 1 15 54 11 20 20 8;
633, 72 65 33 52 21 29 36 52 11 18 47 11 61 6 12 35 65 9;
634, 49 32 29 52 47 7 36 36 26 32 36 47 21 48 42 49 4 37 65 32 22 35 7 9 50 38 9;
635, 71 21 6 72 49 28 35 7 9 65 18 25 46 11 6 81 21 11 20 60 7;
636, 12 12 0 33 79 74 47 34 23 61 58 26 80 25 12 7 35 6 55 65 12 84 13 7 21 24 8 35 7 6;
637, 11 32 27 25 47 40 12 12 0 4 13 38 29 82 31 69 84 8 7 7 0 26 51 5 36 34 7 55 7 8;
638, 12 5 73 53 61 5 72 36 21 65 65 30 35 35 1 78 17 4;
639, 6 59 4 43 43 1 36 72 18 35 38 8;
640, 15 67 8 67 3 33 84 67 42 21 61 3 32 32 27 43 20 13 74 21 11 44 44 1;
641, 82 79 28 43 52 9 78 38 74 79 32 17 23 20 7 65 32 22 35 38 14;
642, 29 48 20 65 24 23 5 60 22 79 19 8 65 59 24 70 70 59 2 37 5;
643, 74 21 8 15 55 23 65 32 22 35 7 7 84 63 6 81 32 19 15 15 38 33 35 15 55 56 4;
644, 15 54 7 22 22 40;
645, 27 51 22 49 22 21 81 17 6 19 32 29 55 7 7 50 60 27;
646, 33 21 43 35 7 6 24 38 13 47 32 6 60 5 26;
647, 33 24 29 46 44 44 47 3 22 20 32 10 65 55 27;
648, 33 20 21 47 73 55 50 50 30 33 33 15 72 36 19 36 32 27 15 24 19;
649, 22 59 4 61 61 1 67 43 13 20 21 9 11 67 10;
650, 60 49 24 20 21 7 5 43 22 58 32 13;
651, 35 50 6 24 72 50 61 12 16 65 24 25 22 32 12 21 38 6 70 67 5 54 81 30 5 38 22 22 32 12;
652, 17 38 12;
653, 22 59 7 67 67 2 51 10 57 20 22 45 58 32 12 17 61 16 20 17 5;
654, 47 73 20 22 43 52 24 24 58 32 21 10 67 4 36 82 55 9;
655, 2 2 0 60 60 38 6 85 58 20 7 41 32 43 7 80 37 39 60 60 8 36 52 9 20 7 42 48 73 7;
656, 67 4 20 2 78 14 21 61 9 4 4 3 67 67 1 18 32 30;
657, 42 29 8 6 6 48 57 41 14;
658, 32 36 28 6 32 27 82 36 4 83 32 18 47 6 17 35 74 7;
659, 34 53 12 34 34 13 50 50 39 60 65 15 35 78 16 18 47 21 12 34 5;
660, 47 47 7 37 35 12;
661, 35 49 6 72 32 23 73 75 20 67 29 21 7 82 9 73 32 15;
662, 46 55 50 34 34 21 32 52 24 12 12 1 73 33 18;
663, 37 37 53 81 72 22 58 83 34 24 60 41 55 12 13 35 19 45 60 60 3 75 79 6 81 6 15;
664, 49 58 13 48 20 5 7 7 0 43 50 17 67 36 51 36 72 22 35 50 6 38 38 1 36 60 30 65 20 9;
665, 43 36 38 35 62 6 60 54 32 21 32 49 63 77 27 70 67 5 38 61 5 37 32 22 7 46 36 60 21 5 22 20 12 65 65 28 24 24 28;
666, 29 44 21 47 52 9 18 24 12 36 47 14 81 6 10;
667, 38 59 10 22 55 11 60 7 11 32 67 51 35 60 51 75 35 11 4 27 20 11 11 0 58 80 18;
668, 36 34 7 6 81 42 49 60 18 11 58 4 43 46 49 44 81 7;
669, 36 34 4 6 20 17 80 80 7 65 62 21 12 12 1;
670, 62 33 12 7 7 11 24 24 1 65 43 17 6 24 22 33 62 6 12 12 1;
671, 32 32 0 73 73 14 65 65 1 7 65 10 12 36 12;
672, 58 47 16 70 36 35 24 15 13 73 58 25 7 65 9 18 55 35 21 32 7 50 21 27;
673, 79 58 7 65 72 23 83 79 5 21 71 8 32 67 14 12 12 1;
674, 72 52 6 35 47 15 32 33 13 49 35 16 21 24 21 55 34 23 3 67 33 34 60 19 72 33 34;
675, 29 52 14 23 60 21 48 60 8 60 82 20 61 21 24;
676, 36 34 5 79 65 41 35 5 18 6 67 12 25 80 9 47 32 5 19 79 40 18 24 8 80 33 15;
677, 24 33 3 20 47 28 2 2 1 67 75 39 47 25 39 11 22 6 32 72 10;
678, 55 62 19 56 60 7 36 52 7 72 36 28;
679, 60 62 6 79 6 22 11 65 39 50 60 8 56 50 19;
680, 36 72 16 24 18 10 34 36 4 42 46 22 33 2 24;
681, 36 34 5 22 32 15 33 72 4 81 6 7 72 72 27 52 34 3;
682, 34 34 0 60 54 21 36 34 4 21 74 11 60 60 16;
683, 5 60 7 24 29 36 20 18 15 67 32 16 21 74 10 22 58 3;
684, 49 46 23 24 6 17 81 32 35 12 12 21 29 29 1 36 47 23 7 20 16;
685, 6 38 16 32 81 30 12 12 2 79 79 1 21 32 20 32 79 27;
686, 67 6 6 81 6 6 18 32 9 72 36 11 52 12 25 19 22 22 81 46 7 32 22 16 69 36 6 73 58 11;
687, 35 35 1 79 22 32 47 35 25 24 38 13 5 5 1 12 12 1;
688, 60 20 9 46 79 17 24 38 18 34 36 6 35 67 28 5 60 10;
689, 11 65 23 58 73 7 81 47 26 5 50 18;
690, 21 21 1 11 11 0 65 46 23 81 35 21;
691, 20 24 12 81 44 3 20 38 6 82 62 14 75 20 9 4 26 12 81 20 12 36 52 12 38 35 28 36 34 5;
692, 54 67 8 11 38 11 81 24 25 5 17 19 34 52 2 44 55 20 11 55 18 73 80 19 71 32 14;
693, 60 35 8 11 46 13 39 84 16 44 21 13 81 35 13 46 43 16 36 34 7 7 42 18 24 35 18;
694, 65 20 11 12 12 1;
696, 25 25 0 81 81 10;
697, 32 36 19 72 47 2 36 72 18;
698, 67 33 15 60 50 19 35 65 8;
699, 22 67 20 6 60 15;
700, 21 47 13 54 54 0 82 65 15;
701, 38 60 3 43 20 15 38 35 8 21 43 15;
702, 46 79 11 67 70 3 81 83 5 54 32 11;
703, 60 61 8 27 84 5 6 59 10;
704, 47 47 7 83 83 7 74 61 10;
705, 20 73 3;
706, 60 61 7 47 42 12 74 37 8 82 78 12;
707, 36 52 6 82 50 6 5 7 6;
708, 72 72 10 33 33 7;
709, 35 55 7 61 61 3;
710, 44 11 6;
711, 34 36 5 20 82 7 6 54 4;
712, 36 34 5;
713, 22 58 2 3 15 5;
714, 17 49 1;
715, 54 54 0;
780, 33 47 16 59 59 366 31 70 10 35 49 6;
781, 53 42 3 5 5 0 47 47 25 52 5 30 20 74 21 16 16 12;
782, 65 7 10 5 74 13 66 66 18 24 25 10 70 24 16;
783, 58 81 9 2 2 0 55 47 30 41 64 39 36 6 537 35 72 17 62 35 17 81 46 12 36 36 42 84 63 35;
784, 20 65 10 71 56 7 84 63 6 3 15 7 52 52 1 48 48 1 1 15 36 36 72 16;
785, 35 5 13 29 62 14 61 24 9 20 43 26 48 20 8 52 65 40 72 33 449 11 46 74 36 36 23;
786, 50 33 19 35 35 37 6 59 360 72 47 302 19 21 46;
787, 81 23 12 72 6 22 21 59 16 60 35 6 81 81 23 43 47 19;
788, 32 46 31 47 32 35 82 29 33 17 7 16 36 52 6 65 33 35 72 33 1 36 47 46 32 24 39 81 24 15 12 75 52;
789, 48 48 0 36 72 26 60 73 83 62 56 8;
790, 42 29 7 4 58 32 81 58 6 48 20 6 47 33 14 60 35 9 65 20 9 42 32 34 58 78 25 48 35 7 65 29 35 68 43 26 60 5 21;
791, 24 0 182 81 73 14 59 59 1 47 54 4 33 54 15 83 58 5 50 62 11 55 5 47 65 65 2;
792, 81 81 7 38 35 8 17 43 14 22 59 6 32 47 7 50 32 18 60 65 12 15 15 1;
793, 35 43 11 25 72 15 24 32 72 59 55 17 60 78 15 55 19 15 19 19 0 61 61 21 81 46 9 20 33 21 36 29 22;
794, 65 71 5 15 31 6 82 82 71 22 37 19 21 58 10 7 62 8 19 58 86;
795, 36 54 258 70 24 25 65 43 11 69 6 40 47 24 23 46 32 27 58 22 5 50 7 11 61 61 0 35 20 15 33 81 27 32 47 5 3 60 64;
796, 74 74 21 21 58 8 36 49 35 72 14 18 65 60 215 61 61 4 32 49 32 78 78 1 35 49 9 73 32 13 20 73 66 19 58 3 21 65 22 58 7 19;
797, 35 34 32 44 79 26 33 12 38 19 53 9 46 46 30 78 56 15 36 34 10;
798, 32 62 38 43 43 1 82 82 70 33 33 12;
799, 52 48 60 36 36 53 58 58 0 47 65 40 15 54 4 65 65 44 81 6 7 7 32 23 20 35 24;
800, 50 54 254 52 48 60 2 50 53 15 54 4 48 48 1;
801, 32 60 24 35 50 11 54 32 14 43 15 11 15 54 4 72 36 15 13 84 14 22 15 16 33 53 9 35 43 13 37 35 40 12 12 1 51 64 24 34 36 7 44 44 21 7 17 25 80 32 23 34 36 7 48 61 8;
802, 24 43 7 35 48 57 31 24 22 47 59 20 55 72 17 67 33 23;
803, 29 32 187 3 15 50 25 14 8 34 36 32 33 21 18 12 12 48 67 38 24 58 14 11 6 36 51 55 60 1 47 83 19 29 24 39 33 33 45 72 72 56 35 71 57;
804, 12 38 24 36 36 60 11 32 15 35 7 9 49 6 22 79 58 7 49 6 22 83 43 19;
805, 52 52 0 6 79 15 50 35 6 20 73 59 69 69 0 55 75 24 57 64 16 35 33 13 24 0 169 34 36 7 68 77 14;
806, 20 20 36 33 37 18 32 61 30 83 43 11 36 52 8 33 36 16;
807, 47 47 3 5 7 6 7 32 17 35 19 9 5 21 25 61 52 24 63 39 14 71 20 4;
808, 6 47 14 43 50 15 72 71 69 36 29 25 6 80 13 73 38 51 32 72 38;
809, 10 41 13 60 22 11 20 20 29 21 67 24;
810, 11 67 19 48 79 8 78 79 9 4 47 36 12 12 2 35 42 9 6 33 474 16 51 221 58 22 8 82 55 39 10 41 12;
811, 32 21 19 41 59 335 6 6 18 35 48 6 81 32 19 12 12 1 62 82 64 70 70 1 35 35 16;
812, 15 85 10 35 20 9 29 50 31;
813, 70 70 47 38 56 15 36 47 32 6 47 13 62 43 16 52 36 7 47 31 19;
814, 85 36 40 12 12 0 32 20 17 62 55 3 33 21 36 53 12 25 11 59 4 24 42 35 35 75 14 65 65 37;
815, 14 32 5 84 69 8 36 44 2;
816, 47 43 11 74 7 3 58 62 32 21 46 29;
817, 22 19 33 46 24 28 78 78 1 21 33 16 43 58 36 32 72 46 73 33 14;
818, 72 52 13 47 0 154 79 50 22 6 81 17 49 6 22 74 5 21 19 79 10 6 81 17;
819, 55 56 3 79 35 14 55 47 31 58 22 24 54 54 1 49 49 1 33 19 23;
820, 32 43 7 54 70 57;
821, 32 32 3 7 37 6 35 19 25 79 24 16 48 48 1 49 49 36 64 4 8 80 24 7;
822, 35 62 7 42 43 12 59 63 74 25 24 9 78 83 5 6 15 69;
823, 78 35 6 23 23 0 79 75 4 24 15 8 43 47 9 22 33 17 38 21 13 23 50 553 67 55 23 69 84 11;
824, 60 60 53 48 56 18 23 24 25 15 33 10 48 48 34 29 29 16 63 4 22;
825, 65 55 21 32 7 27 33 0 148 64 24 40 52 52 1 38 32 12;
826, 32 37 239 36 36 26 15 32 12 20 22 12 33 20 37 5 72 141 65 20 8 63 84 9;
827, 52 52 20 65 65 35 46 46 28 12 12 2 78 78 1;
828, 48 48 0 65 65 32 24 32 27 21 21 53 35 75 36 43 50 11 38 20 4;
829, 78 52 28 42 43 5 37 2 5 48 24 21 24 46 31 79 81 9 62 22 21 46 81 9 65 65 90 61 53 517 34 36 7;
830, 5 65 10 12 12 0 65 5 14 36 33 15 67 58 22 29 29 63 33 33 11;
831, 64 64 0 6 65 25 33 60 13 4 10 38 52 36 8 55 65 28 19 19 25 45 55 102 52 34 4 54 15 4;
832, 44 32 21 15 37 33 36 36 32 35 60 133 78 78 1 25 25 14 81 46 9;
833, 36 29 16 21 60 46 44 67 29 31 47 32 73 32 19 22 65 17 45 27 24 52 52 1 5 7 5 32 21 35 78 78 1 25 43 9;
834, 66 66 0 35 20 20 60 60 2 52 61 28 72 72 45 46 65 29;
835, 50 71 5 78 78 0 36 52 5 75 23 1 22 33 22 35 7 8 6 35 24 84 84 3 29 47 18 81 75 139 36 36 62;
836, 2 2 0 21 61 29 12 52 28 60 62 22 32 32 28 23 15 22 61 61 43;
837, 2 73 130 78 78 0 83 6 14 20 32 11 52 47 13 69 84 8;
838, 24 5 24 35 20 7 36 72 16 60 56 26 12 33 42 84 68 8;
839, 60 42 12 15 24 52 47 48 16 52 47 11 51 45 6 21 71 17 36 15 31 60 61 8 36 34 7;
840, 67 52 34 15 36 27 82 83 36 63 68 10 24 24 0 20 60 10 36 32 26 24 72 8;
841, 50 33 18 20 35 3 12 12 1 5 52 27 24 14 11 60 20 6 35 37 26 43 55 11 65 35 7;
842, 65 35 6 80 15 7 58 81 12 35 60 33 32 44 19 12 12 1 65 60 487 47 43 24 29 29 2;
843, 62 36 21 25 70 6 32 65 25 29 36 43 35 35 9 20 29 33 19 43 61 37 33 15 35 20 7;
844, 36 34 8 58 55 10 65 32 34 68 68 0;
845, 29 36 41 50 50 59 14 65 26 47 62 26 69 69 223;
846, 29 29 31 67 33 23 43 34 24 72 36 18 47 47 21 35 36 98 65 11 18 4 0 125;
847, 22 0 126 22 65 24 33 15 14 60 60 50;
848, 42 47 10 60 60 103 65 34 18 60 60 103 34 47 10;
849, 32 15 11 81 47 27 24 29 53 7 55 10 52 72 11 29 47 27 12 12 1 24 46 29 5 52 14 47 15 45;
850, 32 20 16 33 70 14 7 60 31 62 21 8 12 12 18 84 69 13;
851, 19 19 27 35 7 63 6 21 15 52 72 22 47 62 22 75 38 14 55 40 99 35 7 61 22 22 31 35 7 9;
852, 72 0 120 31 56 32 54 54 1 34 12 5 32 32 1 33 24 12;
853, 36 36 7 59 6 9 79 49 21 35 50 89 15 54 4 43 48 17 65 47 26 25 25 1;
854, 54 70 17 33 60 28 62 48 21 73 73 31 32 79 29 50 2 136 84 13 6 85 43 339 75 32 41;
855, 6 6 16 36 36 22 54 47 30 6 32 82 81 24 22 25 33 17 50 29 15 46 52 37 7 62 8;
856, 20 20 26 54 33 25 15 24 11 50 32 36 35 56 5 5 47 34 52 52 1;
857, 60 33 17 65 65 24 25 54 7 84 41 19 62 35 65 60 60 99 65 44 36 12 32 18 27 45 22;
858, 60 58 192 52 47 10 35 2 10 60 81 21 47 32 128 6 58 22 52 36 6 34 36 8;
859, 54 15 5 47 32 127 6 58 18 48 48 76 34 29 16 7 7 166 38 52 29 47 79 28 72 47 25 55 55 10 48 48 1 46 75 22;
860, 36 60 63 34 36 5 12 52 4 47 47 1 36 24 18 74 35 5 60 73 17 43 22 23;
861, 48 32 66 60 65 213 46 34 44 15 29 10 34 72 10 47 29 28 21 22 12 46 0 110 44 72 72 48 48 73 67 82 39 36 52 8 46 81 9;
862, 15 59 13 47 47 91 5 35 79 32 50 16 48 48 1 35 5 16 58 50 11;
863, 21 38 4 65 60 7 69 69 29 29 29 0 48 50 5 20 50 56 70 24 15 72 80 13;
864, 52 72 11 29 52 14 24 20 11 20 55 25 43 60 12 68 69 48 75 65 17 36 34 7 10 84 136 46 11 11 20 20 1 24 29 52;
865, 5 55 16 83 53 9 73 47 23 43 47 10 5 82 17 58 79 10 73 11 7 20 78 77;
866, 24 32 2 20 60 462 11 44 8 21 61 5 15 47 20 20 81 20 65 55 7 22 65 74;
867, 70 29 20 12 72 11 74 74 15 72 36 14 20 78 9 31 29 12 23 81 12;
868, 38 38 1;
869, 35 7 12;
870, 6 49 16 29 21 12 10 10 25 19 19 91 32 65 70 54 25 6 65 60 12;
871, 81 6 12 21 47 14 60 38 10 6 32 66 8 8 42 7 50 13 59 46 13 35 35 75 38 79 73 19 32 21 47 47 11 32 32 62 20 29 18;
872, 35 32 25 72 20 15 63 68 11 52 52 1;
873, 24 50 24 41 39 43 15 47 12 11 59 7 55 55 50 31 34 30;
874, 72 33 6 42 79 11 52 52 81 47 52 23 35 43 14 4 70 20 24 48 62 62 62 99 32 70 205;
875, 82 7 7 52 47 18 38 60 4 32 32 4 15 47 17 49 7 20;
876, 19 43 8 32 32 3 58 6 13 24 15 13 83 82 107 31 15 6 49 11 11 59 21 11 42 60 9 12 0 96;
877, 17 17 1 65 65 30 7 55 8 57 57 30 73 35 9 49 7 18 52 36 10 62 60 2 71 65 7;
878, 35 29 21 60 52 53 70 33 18 34 36 4 75 60 9 5 46 77 7 35 6 36 52 19;
879, 46 29 16 47 73 15 36 52 18 71 82 4 67 67 0 7 65 12 75 82 26 37 37 17 81 81 42 63 63 17 36 52 59;
880, 70 32 11 37 37 14 36 34 5 34 22 29 62 65 29 77 69 6 67 24 15 61 24 21;
881, 6 79 47 22 55 13 63 63 0 6 19 9 35 20 4 67 15 5 60 60 43 6 72 13;
882, 63 84 8 34 34 69 59 20 12;
883, 22 29 49 34 32 31 21 21 76 45 30 315 35 47 32 55 55 86;
884, 21 38 5 38 37 58 35 44 19 46 46 82 21 55 6;
885, 81 32 15 68 84 8 34 34 10 17 73 4;
886, 55 35 63 11 81 56 32 32 1;
887, 11 6 7 20 34 51 36 36 48;
888, 32 15 47 20 20 0 68 84 6;
889, 20 44 56 55 22 16 29 47 12 20 44 196 15 32 50 24 15 50 38 60 52;
890, 33 47 17 43 12 13 38 60 51;
891, 38 38 42 84 69 19 61 35 51 38 38 42;
893, 47 52 23;
894, 69 77 9 24 18 76;
896, 10 10 31 41 10 6 32 47 17;
900, 41 51 10 24 12 27 39 26 5 32 6 66;
901, 57 26 3;
903, 26 51 5 84 63 6;
905, 27 84 5 34 36 5;
910, 69 84 11;
913, 16 64 60;
915, 63 77 4 17 35 10;
916, 69 84 6;
917, 64 64 0;
918, 84 69 150 64 30 280 68 84 6;
919, 34 34 1;
920, 20 20 3;
921, 84 54 37;
922, 84 27 3;
923, 84 68 6 84 63 6 60 2 79 55 52 25;
924, 68 63 3 60 7 27;
925, 20 25 56 84 45 208;
929, 69 84 6;
930, 57 26 274;
931, 57 50 52;
932, 47 36 24;
934, 35 11 26 69 9 153 10 10 42;
935, 55 65 18;
936, 69 84 5;
937, 15 24 17 33 15 25;
938, 34 34 35 24 34 20;
939, 22 49 15 52 36 10 50 50 41;
940, 6 24 18 17 17 3;
941, 6 79 11 35 60 2;
942, 35 35 97 33 33 1;
943, 74 7 2 33 33 19 78 38 7 17 35 11;
944, 60 65 13 60 65 13 17 20 8;
945, 52 52 1 60 49 55 22 55 18;
946, 52 33 13;
947, 20 60 76;
948, 50 24 14 24 24 48 79 61 118 20 60 6 5 55 22 15 80 27 20 20 1;
949, 24 12 10 33 72 16 58 32 19 3 82 30 60 61 10;
950, 20 60 4 17 17 1 67 70 5 79 79 1 1 24 44 81 70 15;
951, 67 15 8 36 47 15;
952, 17 20 7 79 35 45 50 61 9 34 65 40 20 49 7 31 31 6 60 60 311 70 67 4 5 55 18;
953, 7 35 48 60 21 4 67 67 0 7 35 7 60 36 19 24 22 19;
954, 17 17 0 79 35 16 67 67 1;
955, 24 29 16 21 2 35 17 60 46 67 67 1 6 22 11 50 35 11 35 50 8;
956, 71 71 34 12 12 1 82 65 3 60 46 55 82 65 4;
957, 60 46 340 67 21 21 32 79 23 44 60 1 52 32 74 47 65 43 12 47 7;
958, 34 72 21 52 52 0 81 49 9 20 55 9;
959, 52 52 0 58 38 10 72 47 26 47 36 17 19 50 22;
960, 81 44 5 43 21 9 54 25 15 49 60 38 12 12 18;
961, 44 17 37 50 6 24 11 67 53 70 4 29;
962, 52 47 10 72 62 29 24 25 26 6 59 4 5 60 17 52 36 6;
963, 31 15 7 5 60 16 43 62 16;
964, 47 32 7;
965, 35 59 16 47 29 48 34 36 13 44 61 23 72 42 13 55 35 38 33 83 18 15 47 17 6 6 10 17 75 9 33 7 13;
966, 58 58 14 38 55 7 36 47 12 31 65 38 12 12 1;
967, 62 32 21 65 60 8 83 35 13 72 72 16 24 61 19 20 20 0 72 65 44;
968, 20 47 17 12 73 18 72 79 32 43 42 5 82 17 13 47 5 20 62 50 16 49 24 26;
969, 15 3 54 12 12 0;
970, 60 60 1 15 15 30 34 36 5 12 12 1 5 60 12 6 24 24 34 33 14 33 82 40;
971, 6 65 27 72 72 1 60 35 13 53 24 13 24 46 29 6 55 11 50 50 1;
972, 72 62 51 24 33 4 60 52 305 17 17 1;
973, 67 67 0 60 49 26 79 32 18 70 24 15 6 62 56 83 65 22 61 61 3 79 32 18 52 36 11 55 55 46 50 73 230 17 24 18;
974, 67 67 0 47 36 41 25 60 15 50 35 7 60 61 12;
975, 31 25 16 73 65 17 17 35 13 23 52 40 32 25 13 33 21 14 44 44 57 6 65 26 13 84 9 50 35 16;
976, 15 7 36 24 47 22 6 33 18 21 21 1 48 48 1 47 36 21 61 60 6 38 7 12 10 10 87 60 20 21;
977, 80 39 33 15 33 13 72 52 54 81 6 10 60 38 10 77 57 167 48 2 33 80 24 8 35 75 17 47 35 14 15 32 10;
978, 22 65 16 15 47 14 21 24 12 83 35 18 42 60 93;
979, 17 65 16 72 72 23 43 43 6 48 48 27 34 36 5;
980, 22 80 8 31 24 16 25 15 5 81 81 1;
981, 55 60 1 81 35 14 21 35 7 68 84 6 20 20 53 67 67 1 61 60 45 65 35 8;
982, 5 72 40 67 67 0 50 35 6 24 6 14 52 36 8 32 47 102;
983, 49 49 65 84 69 7 82 2 7 35 81 27 34 36 6 6 20 27 65 32 33;
984, 49 54 5 25 25 1 44 59 13 79 75 5 52 52 1;
985, 38 60 4 24 26 58 25 36 26 47 4 41 69 69 1 38 21 6 72 12 8;
986, 6 44 15 58 43 31 52 36 7 25 60 359 32 82 29 75 65 20 69 84 9 65 35 42 21 35 46;
987, 80 34 32 52 36 8 38 35 9 32 6 25 24 12 50;
988, 22 7 46 33 47 3 31 15 7 24 24 14 38 38 1 70 24 20;
989, 35 17 9 34 36 5 49 35 14 15 67 7;
990, 38 14 10 49 32 38 60 60 83 75 61 25 58 35 26 6 60 24 38 35 14 2 29 22;
991, 60 58 14 47 4 174 19 55 14 32 29 30 48 34 30 5 65 46;
992, 19 55 108 43 43 5;
993, 19 60 7 51 26 5 32 61 12 81 6 19 67 67 2 47 2 40 81 20 12;
994, 19 60 7;
995, 5 37 39 24 52 19 47 29 56 81 46 51 79 24 24 46 33 28;
996, 34 36 10 41 65 50 47 34 16 67 36 38 24 24 32 33 36 25 83 33 30 6 7 25 72 36 15;
997, 35 17 8 84 13 7 34 56 15 58 24 15 46 60 17 70 54 6 58 47 14;
998, 43 15 11 42 20 15 48 48 1 61 44 19;
999, 60 55 30 17 24 25 82 6 27 53 33 16 65 24 21 49 20 12 48 46 41 12 12 11 60 55 9;
1000, 47 29 5 48 46 39 84 63 7 33 81 26 58 53 14 17 35 11 18 55 20 3 32 14 33 52 32;
1001, 17 35 10 50 17 6 15 33 13 6 24 21;
1002, 65 82 13 81 46 11 81 81 0 15 12 22;
1003, 48 65 42 15 29 11 24 72 30 84 77 22 61 61 15;
1004, 14 71 17 24 72 29 61 47 17 73 73 39;
1005, 72 12 108 65 49 8 46 50 45;
1006, 47 34 13 55 35 16 20 20 47 49 81 17;
1007, 20 35 3 42 25 12 19 55 15 34 52 3;
1008, 27 69 5;
1009, 19 22 287 24 67 36 15 15 24;
1010, 24 18 7 81 35 10 34 47 17 19 36 38 81 60 17 19 36 39;
1011, 82 47 48 2 37 6 24 5 30;
1012, 47 29 5 33 46 26 84 69 6 6 65 29 34 36 6;
1013, 15 24 11 6 32 24;
1014, 46 55 46 13 4 28 54 70 7 60 65 17 44 19 10 61 21 4;
1015, 24 11 22 67 34 25 75 79 5 12 34 38 50 65 8 53 71 12 46 6 29;
1016, 33 24 5 33 81 28;
1017, 60 60 184 37 7 6 24 33 5 67 24 16;
1018, 12 12 2 17 60 11 18 70 220;
1019, 51 32 41 20 20 41 15 24 15 34 47 13 29 18 10;
1020, 17 38 4 60 60 1 34 52 5;
1021, 60 55 445 83 60 7 15 24 15 55 25 18 29 2 15 15 24 19 7 35 8 82 35 32;
1022, 67 24 16 60 71 5 82 35 31 48 60 10 13 84 14 65 25 28 24 35 27 60 34 41;
1023, 34 36 5 25 78 49 43 43 1 81 34 45 80 44 21 67 32 18 21 50 8;
1024, 36 52 11 7 35 10 25 65 34 61 61 2 3 34 37 67 6 41 18 55 26 46 65 24;
1025, 43 3 17 47 32 28 35 46 45 35 7 9 20 33 13 43 17 17 60 38 13;
1026, 6 19 10 69 84 10 2 2 0 33 36 21 72 34 43 81 60 60 5 11 33 48 47 20 23 32 26 61 55 10 43 33 13;
1027, 67 67 0 24 33 3 2 2 20 33 80 31 7 56 4 34 36 9 25 12 24;
1028, 32 32 74 35 38 10 60 79 23 20 55 8 52 36 7 65 34 18 35 38 10 32 35 17 25 47 18 84 77 5 80 80 27 26 51 6 72 36 16;
1029, 35 65 13 60 65 13 35 35 1 25 47 17 52 52 1 35 49 12;
1030, 49 35 13 35 35 15 38 60 5 52 36 8 46 65 27 48 48 1;
1031, 42 18 13 24 5 38 48 20 6 49 14 22;
1032, 60 62 8 48 48 0 69 84 31 25 36 36 32 24 43 69 52 59 32 65 34;
1033, 52 52 0 48 35 6 15 24 17 63 69 31 48 24 17;
1034, 49 50 9 32 65 25 47 29 15 7 11 56 63 84 8 20 47 21 32 52 14 52 52 1 18 24 11 25 42 82 23 65 14;
1035, 77 68 5 62 37 8 52 36 8 19 24 18 7 72 19 52 52 1 22 55 15;
1036, 24 15 19 77 68 3 19 24 23 69 9 53 47 23 26 33 2 118;
1037, 47 25 13 25 25 0 32 59 21 52 52 69 47 52 9 57 81 60;
1038, 47 36 17 84 69 10 35 43 23 50 35 6 20 32 12 7 32 17;
1039, 22 56 13 79 34 32 47 42 12 2 74 6 7 35 18 18 65 23 69 84 7;
1040, 79 47 28 85 63 47 56 35 5 6 36 27 51 5 52 79 6 21 48 48 1 6 65 21 85 15 7 47 36 17 58 19 45;
1041, 6 79 21 47 36 16 60 62 8 22 21 11 6 81 16 37 37 57 48 35 8 29 36 40 82 60 10 7 47 19 50 24 20 43 43 10 11 81 6;
1042, 69 84 8 85 18 108 6 36 25 35 7 8 55 59 14 18 32 7 6 24 16 49 60 24 35 65 8 52 36 8 65 5 27;
1043, 6 32 11 24 35 16 34 36 4 6 81 11 23 32 32 48 48 1 24 24 47 62 5 21;
1044, 33 52 35 47 65 45 61 21 4 81 6 7 48 48 1 84 68 8 24 60 10;
1045, 22 60 7 18 65 20 56 78 27 32 48 42 65 65 44 35 50 6 3 81 41 19 83 8;
1046, 65 65 2 70 15 1 65 47 15 18 36 34;
1047, 24 2 23 35 46 26 46 79 16 60 65 29 73 60 5 6 65 26 61 7 18 19 7 28 60 7 12 34 18 28 81 12 32;
1048, 6 35 20 15 15 0 85 6 26 7 81 22 29 36 25 75 35 11 74 62 7 45 51 10 6 32 17;
1049, 15 25 51 65 71 4 33 36 23 65 35 11 65 42 26;
1050, 5 36 23 84 27 4 50 46 51 49 24 29 48 48 1 44 6 11 24 24 1;
1051, 45 51 141 6 81 9 60 62 6 34 35 31 22 60 7 68 63 7 60 65 19 32 12 14 48 48 1 68 84 190 60 34 16 12 12 1 46 5 37;
1052, 65 82 5 67 24 21 22 36 24 24 81 20 14 60 8 32 50 14 62 59 15 85 33 21 15 15 1 60 65 13 29 47 51 38 65 21 33 65 28 65 32 24;
1053, 6 46 22 32 32 0 19 6 11 35 35 62 24 24 112 12 22 27 33 36 15 73 47 22 6 79 24 35 35 62 82 55 11 68 84 10 84 63 6;
1054, 18 18 0 20 24 20 54 47 18 19 55 16 47 36 25 32 52 16 35 73 8 75 35 12 18 18 34;
1055, 49 65 18 35 50 6 24 12 11 32 24 16 60 33 13 49 32 18 83 35 10 77 9 34 6 60 29 47 36 14 15 24 19 52 36 11 75 65 22;
1056, 21 21 19 80 52 23 54 24 26 85 34 38 6 44 10;
1057, 60 56 82 4 12 50 22 46 15 35 62 47 81 79 4 47 47 34;
1058, 17 65 40 46 81 10 60 56 10 24 36 20 35 37 13 60 38 9 7 82 7;
1059, 34 36 4 80 42 3 79 35 14;
1060, 29 34 14 24 19 16 81 6 11 55 7 6 58 18 8 35 42 16 34 36 8;
1061, 84 77 409 49 35 21 6 24 10 41 55 39 60 55 9 6 35 20;
1062, 62 56 6 43 62 20 65 18 36 22 79 10 63 84 272 48 48 1 35 74 6;
1063, 54 15 3 56 35 42 84 39 14 69 68 10 54 33 19 48 48 1 73 73 1;
1064, 13 84 5 33 46 27 65 5 12 58 32 11 63 84 5 24 19 12 71 36 43 34 36 7 79 35 18;
1065, 60 60 29 6 44 14 34 36 5 47 65 33 73 20 27 47 33 3 63 63 1 27 84 9 35 71 62;
1066, 79 35 14 6 55 45 85 5 37 5 34 15 32 35 53 35 33 17 19 21 8 48 48 1 68 84 8 18 18 1 5 5 10 63 84 15;
1067, 15 47 13 64 18 25 32 60 37 29 36 25 54 32 12 43 20 16 47 36 19 29 47 46;
1068, 18 24 10 34 52 6 15 15 0 61 38 17 41 30 130 29 47 46 49 35 13 10 16 12 79 60 12 71 75 12 29 62 20;
1069, 81 81 47 36 34 5 11 83 7 33 47 8 65 35 61;
1070, 32 22 14 67 15 8 55 7 5 71 35 4 4 51 16 35 58 12 81 6 6 75 35 15 44 81 8;
1071, 13 51 38 46 50 31 18 22 35 15 15 1 22 35 14 57 26 8 58 61 8 48 48 1 26 51 51 41 24 42 24 33 8 33 2 44;
1072, 6 65 25 22 20 16 17 47 34 33 65 42 41 51 7 36 33 21 48 48 1;
1073, 63 69 2 34 47 12 43 6 24 81 6 9 24 79 30;
1074, 41 51 4 78 11 15 50 79 31 38 78 8 14 24 9 61 12 49 54 65 31 24 36 16 33 65 38;
1075, 6 65 23 60 5 22 65 40 302 32 22 13;
1076, 55 41 41 22 35 14 22 50 24 18 24 9 20 35 4 54 29 11 6 6 13 79 78 14 21 7 15;
1077, 23 46 17 69 4 35 39 24 38 42 48 11 41 41 5 46 65 28 21 58 7 84 63 6;
1078, 39 70 55 79 22 35 69 84 15 54 79 18 54 15 6 34 36 5;
1079, 81 11 56 32 36 20 17 50 21 33 73 20;
1080, 33 36 17 60 38 12 84 69 6 27 68 7 46 19 14 33 12 21;
1081, 16 51 41 84 27 5 80 43 3 34 36 4 84 77 6 54 70 7 34 36 7;
1082, 52 52 16 12 12 2 33 58 25 5 61 24 33 52 13 6 11 33 84 57 12;
1083, 56 65 12 35 61 12 21 35 8 58 7 18 7 35 6;
1084, 41 41 1 38 24 12 61 47 18 25 81 14 60 35 13 34 36 5;
1085, 23 11 9 35 60 1 38 24 11 12 36 16 15 15 1 48 48 1 44 46 5 58 58 1 75 73 8;
1086, 38 73 2 41 41 0 3 3 0 55 21 6 75 56 28 24 36 53 15 32 8 36 52 16 17 32 15 55 44 28 48 48 1;
1087, 44 81 9 58 65 18 3 47 16 41 47 57 47 7 28 61 60 5 17 35 12 7 17 19 20 83 11 73 44 16 78 58 12 42 65 20;
1088, 48 65 14 69 69 0 5 36 30 5 36 18 47 60 30 70 36 34 75 55 176 22 46 16 24 81 28;
1089, 81 7 24 18 41 37 22 7 21 35 65 12 73 40 288 47 12 9 48 48 1 6 34 25 47 47 18 23 35 13 60 52 18 27 41 18 69 84 43 17 53 14 18 61 16;
1090, 18 32 13 70 52 22;
1091, 61 61 12 29 29 16 11 40 286 60 62 7 34 12 286 70 52 29 11 50 20 48 35 13 61 48 6 47 36 18 41 41 1 65 79 16 60 82 11 70 65 34;
1092, 32 15 28 29 42 9 32 37 26 24 65 23;
1093, 20 32 80 32 32 12 52 61 27 20 32 14 3 54 3;
1094, 41 64 3 32 59 21 84 44 34 61 61 0 47 24 6 24 7 17 35 78 10 12 34 7 24 47 3;
1095, 47 47 0 51 13 23 24 36 24 61 62 8 15 15 1 33 34 16 69 68 4 24 53 64 23 35 12;
1096, 61 61 1 70 34 32 47 34 11 24 65 27 23 35 11 79 55 22 70 24 14 81 21 8 47 67 26 22 24 16 33 33 1 32 75 25;
1097, 18 47 30 22 24 12 1 64 3 24 65 26 52 52 0 1 24 30 42 34 34 24 18 8 55 5 20 51 26 9 34 36 5 47 47 1 33 67 43 64 39 17 81 46 7;
1098, 47 2 20 36 47 23 24 80 280 6 34 59 70 65 39 1 24 28 29 15 12 81 46 9 55 5 19 52 70 24 61 60 7 70 24 15 65 35 8 47 34 11;
1099, 32 32 45 24 70 10 33 36 20 18 36 23 70 70 1 58 60 10 47 20 17;
1100, 59 78 280 75 79 6 25 3 28;
1101, 70 24 14 64 47 29 24 52 13 59 65 21 65 23 47 70 32 10 17 35 15;
1102, 18 47 9 60 35 7 2 7 5 70 46 35;
1103, 24 31 22 54 54 0 12 52 4 43 55 15 44 32 25 33 36 18 36 29 19 24 36 18 82 65 4 70 24 15 33 33 29;
1104, 24 34 15 38 46 19 79 14 14 32 32 8 47 59 26 1 1 1 61 81 16 47 34 20 54 54 1;
1105, 60 56 14 58 36 39 46 46 25 47 29 4 21 22 7 36 29 14 60 50 12 58 24 17 24 65 32 1 51 5 46 52 30 62 55 23 59 55 19;
1106, 7 35 5 33 12 10 14 46 26 18 54 9 34 36 4 32 79 21 35 65 41;
1107, 32 79 20 61 61 0 48 48 0 43 82 21 29 29 29;
1108, 61 21 52 48 48 0 24 24 28;
1109, 81 40 365 48 35 9 60 24 14 21 14 9 70 41 39 79 65 29 59 54 10;
1110, 15 32 15 33 65 44 60 21 5 35 29 23;
1111, 78 35 8 84 68 7 29 81 27;
1112, 18 36 24 55 55 42 58 55 26 12 36 12 58 58 1;
1113, 41 30 85 52 62 31 34 29 44 61 60 5 22 6 29 65 61 17 58 20 8 52 36 6;
1114, 72 33 320 60 38 9 19 65 29 65 3 28 34 36 5 22 22 1;
1115, 52 52 0 84 84 170 47 52 14 11 44 12 60 81 19 47 52 14;
1116, 22 65 18 11 65 44 24 54 13 43 65 27 35 48 45 81 55 23 47 36 18 21 24 13 20 24 15 17 35 13 52 47 40 35 81 39 81 6 10 10 26 3;
1117, 73 14 11 22 22 47 60 62 15 48 6 19;
1118, 19 20 8 60 62 14 65 35 37 60 65 54;
1119, 54 83 16 2 29 18 59 35 37 36 34 6 65 56 10 54 54 1;
1120, 35 65 45 7 22 45 47 7 16 54 24 14 48 48 1 81 55 19 24 7 21;
1121, 47 52 11 79 6 11 78 79 6 35 34 25 15 24 11 18 65 28;
1122, 55 74 31 60 65 15 24 37 30 51 77 64 60 65 18 48 48 1 20 33 19;
1123, 35 56 6 24 65 30 17 35 12 61 61 2;
1124, 48 48 0 35 55 10 55 47 50 59 2 42 18 24 8 34 36 7 35 37 12;
1125, 37 35 11 29 75 25 60 65 14 47 36 14 61 55 11 29 78 22 70 70 2 47 47 60 67 36 47;
1126, 6 33 12 20 65 14;
1127, 24 19 14 43 36 26;
1128, 24 50 11 42 79 14 46 49 13;
1129, 55 55 10 24 36 26;
1130, 24 67 23 7 7 0 46 36 51 24 67 23 35 36 71 69 84 7;
1131, 7 35 11 34 36 6 18 24 8 65 35 40 13 68 5 24 38 20;
1132, 55 7 5 70 24 11 34 36 4 60 61 16 24 65 25 6 81 10 18 18 1 60 61 13 34 34 32;
1133, 36 18 327 34 36 10 33 36 12 24 71 54 18 32 13 46 44 4 24 65 36;
1134, 38 38 0 82 59 22 43 20 16 21 55 5 70 52 21 62 71 50;
1135, 34 36 20 61 61 1 81 65 28 48 48 1 61 21 5 38 12 31 22 19 35;
1136, 36 52 5 29 73 17 49 35 19 32 17 13 48 48 0 35 48 16;
1137, 24 59 15 34 36 6 6 33 13 12 12 3 36 34 7;
1138, 22 35 13 44 44 1 33 12 7;
1139, 46 55 21 1 13 20;
1140, 44 20 24 79 79 1 35 35 26;
1141, 24 21 7 12 12 12 33 65 37 59 33 15 35 71 50 79 50 9;
1142, 57 51 50 79 65 26 59 44 13 22 35 50 53 47 11 32 21 16 84 27 4 65 35 8 15 15 3 24 34 14;
1143, 32 36 30 50 24 17 25 36 26 34 36 5 6 12 24 34 36 5 62 65 14 35 48 10 46 6 19;
1144, 19 46 22 17 49 4 12 36 9 34 52 2 60 79 14 35 7 24 19 46 22 34 36 6 32 32 46;
1145, 34 36 5;
1147, 54 70 4 84 13 12;
1148, 26 28 52 32 54 41 65 35 8 54 70 6 35 52 21;
1149, 17 22 9 57 57 47 29 36 23 61 60 2 2 12 45 32 36 24 34 34 7 12 36 14 17 35 12 32 36 24;
1150, 20 20 0 63 84 10 34 17 58 33 43 37 32 36 22 52 17 24 63 84 11 29 2 17;
1151, 32 7 24 34 36 6 52 36 10 21 52 16 32 65 27 34 6 67 11 24 22 21 60 2;
1152, 35 35 51 35 78 12 34 52 4 60 82 10;
1153, 35 20 6 15 15 0 18 47 11 35 78 13 25 15 4 35 80 17 53 35 33 49 60 189;
1154, 15 15 3 35 24 17 35 43 13 83 78 14 36 36 10;
1155, 44 44 71 48 48 0 24 2 50 83 35 18 35 35 51 67 15 6 59 19 7 48 78 5;
1156, 21 20 11 81 60 12 34 36 6 36 36 33 35 2 10 48 48 1 38 7 19 34 36 5 49 3 26;
1157, 34 36 32 33 59 19 3 85 54 7 60 12 48 21 18 60 35 8 15 24 16 24 75 18;
1158, 35 65 8 24 65 29 48 48 1;
1159, 24 65 28 35 65 42 65 32 26 15 18 6 81 81 56 48 48 1 36 12 11;
1160, 53 79 47 21 7 22;
1161, 23 23 0 15 52 21;
1162, 29 6 57 23 65 14 21 58 11 6 5 19;
1163, 34 36 4;
1164, 35 23 12 65 22 63 67 46 23 73 6 147 34 36 5 24 61 13 52 36 10 35 37 216 24 56 15 81 6 10 48 48 1;
1165, 12 36 16 34 36 12 22 24 8 52 36 10 18 24 9 12 59 38;
1166, 24 79 26 52 36 8 12 47 9 48 65 27 79 6 13 34 36 10 84 63 5;
1167, 45 45 69 20 48 17;
1168, 35 56 327 19 19 17 41 41 13 20 15 22;
1169, 31 55 41 48 48 1;
1170, 65 24 19;
1171, 35 7 9 35 35 52 36 34 5 24 82 18 35 56 4;
1172, 20 78 9;
1173, 65 65 59 32 83 24 24 65 33 20 35 12 79 6 18;
1174, 24 24 18 24 52 10 67 47 18 83 79 36 43 44 25 80 11 19 6 81 12;
1175, 26 51 9 58 6 12 24 44 29 46 6 11;
1176, 62 37 10 61 60 4;
1177, 4 4 8 46 81 11 46 81 11;
1178, 49 60 65;
1179, 65 24 22 6 65 21 18 52 20;
1180, 2 35 11 19 24 148 42 24 26;
1181, 59 59 2 56 35 7 42 42 1;
1182, 52 36 7 34 36 7 21 21 53;
1183, 35 35 28 42 24 23 55 22 9 79 79 35 55 74 31;
1184, 46 11 8 79 53 11 59 65 21 55 7 10 51 26 9 61 61 1;
1185, 65 37 6 74 35 6 61 55 7 71 60 55 35 5 8 32 7 32;
1186, 18 18 1 62 65 25 52 36 21 48 48 0 2 33 197 6 79 18 81 35 23 4 70 32 73 6 12 7 71 7 51 26 11 35 56 15;
1187, 35 62 7 6 34 35 61 21 7;
1188, 15 15 2 49 2 17 35 78 13 18 18 1;
1190, 18 33 194 24 36 14 54 27 194 47 34 16 35 71 35;
1191, 34 35 38 47 20 19 15 24 12 6 59 6;
1192, 57 28 9 42 42 18 24 36 20 48 62 13 47 61 22 15 25 7;
1193, 22 55 23 35 61 9 27 27 11 68 84 5 47 65 20 55 7 6;
1194, 60 65 14;
1195, 48 74 45 47 36 16 17 20 56 65 48 11 47 36 16;
1196, 70 47 19;
1197, 47 47 1 62 60 11;
1198, 59 61 9 6 81 9 47 55 57 60 78 16;
1200, 81 6 9 25 22 8;
1201, 6 72 412 59 79 10 77 68 14;
1202, 3 34 30 55 55 29;
1203, 52 29 11 75 79 5;
1204, 35 78 9 59 46 12 36 34 6 46 70 17;
1205, 46 46 28;
1207, 24 24 34 61 61 44;
1208, 22 55 15 60 32 14 26 28 177 32 32 23;
1209, 19 11 5 55 37 53;
1210, 52 12 110 22 11 5 20 7 8 84 27 5;
1212, 35 81 40 52 36 9 23 35 14 35 56 5 6 16 35;
1213, 26 28 12 22 34 14 21 83 18 61 20 33;
1214, 61 35 8 60 34 22;
1215, 35 22 12 2 56 6;
1216, 71 60 3 47 52 10 51 16 5 59 65 20 41 27 25;
1217, 51 51 4;
1218, 62 60 4 24 78 18 6 52 94 83 71 167;
1219, 24 11 11 70 4 80 6 47 85;
1220, 47 47 1;
1221, 51 68 36 47 52 8;
1222, 48 65 13 34 36 6;
1223, 16 28 32 48 65 12;
1224, 35 65 7 81 6 11 81 6 11;
1225, 12 36 13;
1226, 47 24 5 12 36 12;
1227, 78 78 152 7 35 25 22 62 16 47 11 21 68 84 159;
1229, 35 65 23;
1230, 47 47 1;
1231, 47 47 0 35 65 8;
1232, 50 50 247 34 36 3 47 36 14 65 65 60;
1233, 35 65 7;
1234, 75 12 110;
1235, 6 62 23;
1236, 6 81 8 50 7 9;
1237, 33 43 221 51 26 7;
1238, 24 65 18 46 11 10;
1239, 37 2 45 60 65 13;
1240, 55 7 11 35 61 10 50 55 10 48 73 50 34 35 19 46 61 25;
1241, 74 56 1 47 36 48 48 48 0 80 36 41 84 84 93 24 6 23;
1242, 49 35 13 48 48 0 24 12 7 7 67 35 52 36 9 48 35 28;
1243, 46 19 16 73 60 56 48 73 47 56 40 61 46 19 16;
1244, 17 82 43 46 35 60 43 12 18;
1245, 60 65 54 46 35 28 35 24 49;
1246, 47 52 52;
1247, 20 20 49 81 44 5;
1248, 71 24 46 50 50 23;
1249, 49 55 19 60 82 54;
1250, 35 56 5;
1251, 35 65 12 62 60 48 61 81 17;
1252, 81 9 216 73 73 0 35 52 44 73 38 63;
1253, 22 24 11 65 52 59 35 35 39;
1254, 34 12 5 34 36 132 34 24 73;
1255, 51 16 6;
1256, 49 35 52 21 60 58;
1257, 47 47 0 81 71 56;
1258, 55 52 116 41 63 23 47 20 19 2 2 1;
1259, 47 62 27;
1261, 35 7 8;
1264, 60 60 64;
1268, 46 6 63;
1269, 60 34 424;
1270, 24 72 268;
1279, 60 15 56;
1292, 81 6 39;
1294, 84 24 70;
1298, 46 6 30;
1301, 22 40 87;
1308, 47 47 282;
1311, 12 12 210;
1315, 49 60 24;
1316, 35 60 285;
1320, 18 33 54;
1331, 32 32 279;
1336, 60 84 340;
1343, 60 19 547 24 43 562;
1346, 18 67 330;
1349, 17 48 141;
1350, 18 19 557;
1354, 36 34 119;
1359, 59 12 81 79 79 84;
1366, 7 76 127;
1370, 65 75 115;
1378, 56 56 81;
1379, 72 35 99;
1380, 60 60 366;
1381, 11 65 554;
1383, 35 50 57 4 79 59;
1384, 65 60 61;
1385, 35 60 396;
1386, 59 59 68 22 55 81 35 65 67;
1387, 65 72 111;
1389, 60 60 55 81 59 236 35 60 58;
1390, 84 68 576 61 52 70 41 41 53;
1391, 61 52 69 32 20 51 60 65 84 16 28 190 35 65 51;
1395, 50 47 85 61 32 46;
1397, 69 24 45;
1400, 51 52 52;
1402, 15 52 40 34 47 67 47 33 56;
1403, 72 65 82;
1405, 22 22 88;
1407, 15 67 49;
1408, 65 83 35 11 56 87 51 59 46;
1410, 24 72 55;
1412, 58 19 56 29 29 417;
1413, 36 72 41;
1414, 47 48 34 21 32 48 13 13 59 29 32 41;
1415, 32 24 42 34 6 26;
1416, 62 32 61 60 55 43 33 12 29 62 32 58;
1417, 25 34 25 6 46 24 7 52 42;
1418, 27 10 553 7 52 41 54 4 38 52 79 578 54 70 31 26 26 23 65 6 76;
1419, 47 34 41;
1420, 75 35 32 33 22 20 24 46 32 75 35 33 83 48 42 34 33 40;
1421, 35 20 34;
1422, 79 54 31 22 22 19 52 19 37 75 42 18;
1423, 18 81 22 55 12 48;
1424, 73 48 46 53 54 16 84 8 49 46 33 47 32 79 21 34 6 43;
1425, 6 34 32;
1426, 67 61 30 79 61 43 70 24 15 36 72 52 5 21 15 50 72 40;
1427, 35 19 49 37 25 21 75 75 31 21 61 14 5 36 35 19 24 15 41 57 636;
1428, 51 27 23 35 48 20 72 72 34 36 17 31 60 29 16 67 44 49 35 58 22 22 19 34;
1429, 5 20 43 19 19 25 11 72 38;
1430, 62 52 47 35 65 10 85 47 25 36 47 45;
1431, 52 72 46 79 56 64 29 81 26 36 36 26 65 32 21 34 34 29 24 17 25 52 72 10;
1432, 61 81 15 55 22 47 36 33 33 34 36 18 61 81 16;
1433, 47 47 16 83 33 32 55 21 36 12 47 8 85 70 49 52 36 10;
1434, 14 22 6 54 15 9 58 37 18 25 24 9 43 19 36 72 34 31 60 20 9 37 56 637 7 21 46 50 58 9 70 31 9 52 47 27 42 25 440;
1435, 81 72 31 58 32 14 32 52 37;
1436, 36 24 22 43 43 52 79 19 53 54 15 7 48 35 7;
1437, 36 72 33 65 60 11 18 67 8 29 42 8 79 75 6 72 35 27 65 60 11 52 72 24;
1438, 24 58 13 46 11 5 60 32 19 20 62 19 65 74 10 79 83 4 11 79 32 49 55 18;
1439, 60 52 31 32 25 10 36 36 7 22 0 465 67 22 40 60 7 15 35 20 5 29 33 64 34 62 18;
1440, 65 75 21 67 67 1 63 46 53 34 35 21 65 65 656 42 75 40 4 54 35;
1441, 12 29 11 65 65 656 6 6 45 61 31 17 12 12 2 6 6 13;
1442, 61 60 2 32 33 17 24 75 32 15 33 13 67 15 5 17 79 9 79 75 6;
1443, 7 35 8 67 32 17 12 12 0 29 47 9 65 34 32 63 9 356 36 36 55 29 47 4 83 17 36;
1444, 7 79 19 12 33 9 72 12 7 55 60 664 5 19 33 7 79 19;
1445, 12 12 0 14 17 12 65 65 658 5 73 13 60 35 25 12 12 12 15 0 473;
1446, 5 72 18 60 21 6 32 38 23 12 12 9 36 29 17;
1447, 38 38 10 58 6 9 81 47 24 24 35 618 35 61 44 58 38 15;
1448, 12 12 0 32 37 21;
1449, 47 47 668 59 24 22 17 65 20 37 24 22;
1450, 43 24 30 58 58 649 72 0 477 52 61 18 29 60 25 24 15 14 72 42 21;
1451, 52 35 17 15 70 29 36 52 7 35 23 46 59 62 18 79 75 14 60 21 33;
1452, 12 47 10 23 17 8 33 36 20 46 27 39 47 73 22 17 58 4;
1453, 5 7 4 63 13 5 46 32 31 32 65 23 35 75 15 47 32 28 35 75 15 52 52 2;
1454, 54 15 3 72 36 21 47 0 481 72 33 4 6 15 667 35 52 16 32 0 481 72 47 9 20 60 5;
1455, 38 60 25 33 33 13 34 18 485 35 65 5 52 72 11 20 60 663 79 71 17 33 21 13;
1456, 32 12 11 20 72 40 32 11 24 52 33 660;
1457, 79 58 22 36 80 18 67 67 1 34 72 16 43 24 10 32 33 5 4 63 34;
1458, 35 52 21 47 47 664 22 60 7 67 54 3 32 11 21 11 81 6 24 21 10;
1459, 65 19 20 47 24 3 13 27 21 60 24 12 81 44 5 35 35 19 83 81 7 33 15 13 43 20 10 52 29 27;
1460, 52 29 27 24 47 5 60 60 23 34 34 38 32 19 18;
1461, 12 12 0 81 60 17 48 81 16 47 47 0 5 5 1 48 81 15 12 47 7;
1462, 65 12 21 19 35 18 5 67 32 54 72 20 26 28 262 36 34 6 29 65 24;
1463, 60 20 8 34 24 18 38 5 31 47 21 665 84 77 3 60 71 14 46 58 19;
1464, 25 52 31 79 24 677 47 29 2 17 17 1 43 82 18 5 24 20 22 22 1 47 32 6 32 32 33;
1465, 44 81 8 79 60 14 47 75 22 37 65 652 33 21 12 24 34 34 17 38 13 75 23 9 54 54 6 20 35 7 47 11 23;
1466, 72 12 9 24 0 494 81 79 4 24 59 25;
1467, 43 19 11 72 65 687 22 19 24 32 12 19 72 65 687 50 39 673 35 7 8 17 46 16 6 6 660 72 25 16 35 35 28;
1468, 43 38 12 75 35 16 50 35 8;
1469, 17 35 7 21 55 678 50 71 94 32 84 615 61 79 10;
1470, 35 73 15 5 43 675 72 15 11 47 60 14 62 72 686 4 0 603 5 72 687 14 25 8 35 72 21;
1471, 48 47 683 34 12 5;
1472, 42 19 6 36 34 4 7 20 11 46 46 21 24 32 680 12 55 650 17 17 1 36 12 8 60 50 15 15 43 691;
1473, 43 43 25 24 32 659 33 33 24 32 73 12 6 38 14 85 61 17 25 42 692 12 12 1 33 58 663;
1474, 32 47 5 81 21 12 12 12 1 23 48 17;
1475, 61 17 694 65 65 680 22 24 691 12 36 9 47 36 676 36 34 693 54 15 8;
1476, 35 7 8 34 36 684 54 15 7 81 46 21;
1477, 52 52 0 60 60 19 25 24 11 14 22 12 47 36 15 81 46 20 7 29 14 71 56 18 52 34 4 43 62 18;
1478, 32 7 686 20 35 5 2 2 643 52 52 1 83 46 17 50 24 697 34 78 691 41 6 675 72 72 677;
1479, 60 35 10 58 7 19 60 35 10 75 81 7 17 65 688 72 72 689 22 46 682 52 52 16 47 32 6 65 22 16;
1480, 50 35 9 22 73 673 24 24 1 20 81 18 65 35 8 27 57 675 59 59 657;
1481, 67 54 5 60 21 5 6 60 11 58 65 699 60 38 12 44 44 680 47 65 687 32 32 679 12 36 15;
1482, 24 15 13 72 36 700 12 36 684 35 81 16;
1483, 79 65 13 47 12 8 70 54 664 29 36 699 5 29 697 46 32 691 65 32 703;
1484, 24 42 6 43 42 6 24 17 14;
1485, 47 7 701 36 79 681 43 43 671 24 24 666 65 18 515 11 6 13 43 43 671;
1486, 62 5 705 20 19 10 6 36 699 83 83 13 21 32 684 32 50 699;
1487, 50 50 8 44 44 0 32 22 704 70 43 675 70 21 689 72 25 12 5 29 684 54 24 706 32 22 704;
1488, 75 11 703 72 24 9 21 75 9 24 21 11 54 54 0 36 29 671 36 29 671 43 32 697 79 32 690;
1489, 78 7 708 54 32 698 55 35 8;
1490, 79 33 693 59 6 706 20 43 9 43 43 1;
1491, 29 29 639 65 60 705 58 42 6 52 36 710;
1492, 24 35 705 38 65 704 12 12 0 60 65 706 48 19 703 21 21 711 20 32 706 24 25 706 43 2 694 72 36 698;
1493, 12 34 5 22 6 696 77 84 709 60 72 702 20 61 3 46 34 681 65 55 698 46 49 699 25 22 699;
1494, 43 43 665 13 4 685 81 35 664 5 60 706 6 36 692 47 55 674 52 36 712 68 84 711 61 21 4 72 62 666;
1495, 57 28 295 24 65 696 74 74 0 58 67 697 85 24 702 35 36 696 67 15 714 46 32 698 59 46 704 29 32 713 74 33 693 73 20 712 24 24 652;
1496, 74 33 694 7 35 714 19 19 709 54 70 714 72 20 696;
1497, 56 20 703 68 45 674 59 6 715 4 70 696 55 35 712 5 65 710 33 34 694 35 35 668;
1498, 36 52 713 32 12 660 6 33 701 36 34 713 34 34 669 72 36 705 81 17 714 21 55 712;
1499, 55 60 620 15 31 711 6 44 708 48 71 672 55 54 699 44 40 629 36 34 714 83 58 515 72 72 715;
