291, 62 62 16;
292, 62 78 75;
293, 62 35 402 62 62 4;
294, 62 57 47;
295, 62 62 374 62 57 46;
296, 62 23 168 62 62 382;
297, 62 75 38 62 60 41 62 7 48 62 75 36;
299, 62 15 102 62 23 72;
300, 62 62 418;
301, 62 10 170 62 57 123;
303, 62 42 28;
304, 62 42 83 62 62 30 62 42 184;
305, 62 62 381;
306, 62 60 29;
307, 62 57 31 62 42 34 62 23 138;
310, 62 57 27;
312, 62 62 365;
326, 53 4 11 80 65 19 26 10 13 12 57 3;
327, 43 29 12 53 63 15 43 38 10 33 4 16 71 3 6 70 25 11 43 38 12 26 10 14;
328, 53 53 43 67 42 34 48 72 10 69 56 14 80 3 10 6 72 13;
329, 27 1 2 23 63 12 1 24 14 23 25 30 1 4 13 53 63 13 6 72 14 69 56 16;
330, 77 10 13 59 42 13 69 34 18 62 4 15 25 79 9 61 9 57 57 11 9 62 7 15 55 59 38 77 25 12 75 65 10 77 10 22 75 10 5 62 4 18 55 77 23 75 25 7 59 69 7 62 3 13;
331, 55 62 16 25 25 1 55 40 14 77 25 15 55 53 9 55 25 18 13 4 12 55 40 13 75 34 100 62 7 13 57 10 8 25 75 11 59 55 34 19 23 17 55 69 4 57 10 8 23 63 12 59 17 19 27 1 2 75 25 10;
332, 26 0 9 55 49 8 59 29 31 43 43 1 23 4 16 42 25 16 43 72 13 60 57 21;
333, 32 57 15 62 3 11 25 29 6 67 27 7 43 10 16 57 79 12 26 57 6 75 25 7 0 43 9 6 70 8 69 34 21 25 29 8 80 65 18 12 48 11;
334, 23 69 20 75 25 12 25 75 15 23 23 42 57 79 11 32 49 17 75 10 4 59 42 13 25 37 7 67 27 9 26 57 5;
335, 57 10 6 75 25 6 62 3 14 59 55 14 62 3 13 80 3 9 20 36 44 59 29 34;
336, 54 23 156 27 67 6 25 80 13 11 57 7;
337, 57 11 9 59 48 16 19 62 5 27 66 3 59 65 21 57 11 12 75 25 7 59 57 32;
338, 0 12 10 62 0 10 81 52 5 13 4 12 69 25 14 25 75 11 55 62 13 26 4 17 81 52 5 57 23 10;
339, 57 23 5 33 4 19 53 33 13 75 25 7 57 16 251 7 4 4 43 23 18 62 23 13 75 51 8;
340, 62 57 8 0 48 7 57 0 4 62 83 20 57 12 6 62 57 15 52 81 7 26 10 15;
341, 53 4 32 0 36 10 13 10 7 43 17 9 21 81 6 6 55 9 42 42 38 25 75 10 62 0 7 55 69 53;
342, 57 77 364 6 55 8 25 75 10 3 25 13 62 0 13 55 29 21 75 62 13 70 34 13 43 17 8 57 10 7 77 13 6 77 9 50;
343, 72 34 4 62 0 12 26 57 14 23 56 19 0 57 3 59 48 16 3 25 9 62 0 14 25 19 35;
344, 60 36 12 0 37 8 59 40 23 26 4 17 77 9 253 81 24 5 71 71 6 62 0 13 72 34 6 59 37 26;
345, 65 59 26 23 4 16 71 71 12 60 57 29 59 37 25 75 45 22 43 34 98 75 25 7 60 36 13;
346, 1 67 5 44 55 38 61 9 39 57 69 17 1 67 5 75 4 3 45 57 4 20 4 11 0 0 1;
347, 59 6 7 57 4 43 62 78 14 81 68 5 26 37 13 81 81 17 72 83 7 63 10 5 54 43 18;
348, 57 22 32 32 32 0 20 4 12 43 29 14 32 48 24 75 45 16 42 72 14 62 78 11 37 25 6 0 0 0;
349, 29 72 5 72 34 4 42 72 14 23 57 4 56 59 37 27 67 4 0 12 16;
350, 75 51 6 26 57 7 6 26 21 57 10 15 57 4 32 23 51 20 71 62 10;
351, 25 75 8 26 57 6 23 4 19 80 75 7 59 42 14 25 51 29 46 67 15 59 55 5 23 51 19 32 16 14;
352, 55 69 2 62 23 14 36 13 5 72 6 55 81 68 142 70 25 11 77 4 10 14 57 41 51 49 27;
353, 75 42 22 42 29 15 59 55 5 25 19 28 75 40 13 44 44 1 55 69 2 23 57 5 63 37 5 25 83 12 59 55 4 23 62 5 23 54 12;
354, 23 51 25 81 1 21 23 51 25 25 4 4 60 79 193 23 57 5 48 72 8 79 79 1 13 51 18;
355, 25 75 9 62 13 7 76 57 3 26 57 5 44 34 26 80 80 0 25 75 11 11 65 9 26 57 5;
356, 0 78 5 59 70 16 7 4 4 23 69 26 59 70 21 79 79 0 46 67 13 23 69 31 51 4 11 59 55 5 80 37 31;
357, 57 72 15 0 75 24 23 57 6 59 42 18 57 7 9 23 23 43 42 29 13 57 7 12 57 80 16 23 4 17 57 72 13 57 10 14;
358, 13 78 45 78 23 42 59 65 25 57 62 311 59 43 18 79 65 9 32 57 7 80 43 16 59 55 4 62 25 16;
359, 62 79 13 51 49 30 59 65 23 57 25 21 59 55 4 57 7 10;
360, 79 65 8 55 49 34 69 72 20 25 75 10 13 62 2 59 65 26 23 62 3 34 72 4;
361, 77 25 28 57 72 19 23 78 7 0 69 20 36 70 12 77 63 11 75 43 20 59 69 7 48 72 7 27 67 7 36 23 50 23 4 17;
362, 32 32 0 62 40 9 57 10 6 13 62 8 77 63 10 42 72 10 48 72 10 6 55 6 82 4 12 55 83 55 59 55 4 80 25 7;
363, 32 57 7 23 34 32 63 51 17 77 75 14 0 75 15 57 10 7 7 4 5 6 72 21 25 75 7 59 42 17 6 72 21;
364, 72 34 4 57 57 1 23 54 8 42 29 15;
365, 25 83 272 48 78 23 12 11 53 57 60 9 42 34 12 62 79 10 6 72 30 23 29 26 69 72 18 77 25 26 43 34 11 82 37 16 14 29 36;
366, 23 6 14 23 34 27 55 72 18 25 59 30 57 10 8 32 32 1 6 6 1 26 57 316 71 26 91 57 51 23 12 82 2 26 57 5 51 75 8 23 78 6 55 36 18 82 3 13 62 62 51;
367, 80 43 13 59 6 7 26 57 7 32 37 11 19 16 13 80 25 8 57 19 5 59 55 5 57 60 22 78 57 17;
368, 59 53 17 59 55 5 23 43 15 65 53 13 59 55 5 72 2 15 59 55 5 62 63 10 75 43 14 69 72 18 21 81 4 65 29 10 26 57 7 55 29 27;
369, 59 55 4 59 25 24 59 53 43 25 25 30 57 25 23 32 32 1;
370, 69 59 4 55 29 28 0 37 13 59 55 4 59 55 4 23 25 17 9 9 1 62 77 6 23 37 23 77 57 11 59 34 24 45 54 27 16 78 23 65 29 8 6 40 19;
371, 7 25 10 57 63 7 29 29 56 7 25 10 77 77 2 60 53 23 21 21 1 77 57 12 60 55 24 59 65 18 57 12 6 59 55 5 65 0 17 59 55 5 23 43 16 45 57 14 59 55 5 60 55 26 0 10 7 62 59 97;
372, 53 53 0 20 65 8 9 9 12 62 69 20 38 34 3 53 29 15 59 42 12 62 19 8 71 25 10 37 16 15 59 55 6 46 81 6 0 57 75 59 22 28 59 55 6;
373, 45 45 1 54 11 2 57 25 19 48 48 56 23 72 25 1 43 32 51 75 7 55 83 72 32 32 1 46 81 7 81 68 5 77 10 12 57 19 8 1 67 4 72 29 4 26 83 30 78 56 39 55 29 18 81 81 42 59 25 22 55 72 18 59 6 9 59 55 5 59 55 5 25 59 28;
374, 62 3 14 70 72 7 23 77 11 26 26 1 75 25 8 70 59 15 81 68 6 16 4 10 55 34 24 4 78 18 62 62 0 81 21 8 55 77 18 43 72 9 23 77 12 62 69 18 19 57 5 71 32 7 57 51 24;
375, 57 10 7 25 43 11 20 56 9 34 72 3 45 72 23 26 10 15 75 48 15 4 25 6 33 33 18 6 72 20 25 43 13 27 67 6;
376, 37 16 12 1 27 132 26 37 290 11 53 18 23 48 29 43 75 18 59 55 5 77 51 24 5 83 37 42 72 11 33 59 32 14 26 5 26 10 15 7 65 5;
377, 7 65 12 55 34 23 59 22 18 59 55 6 75 37 56 77 25 22 70 75 19 45 72 24 23 76 2 71 50 12 55 40 18 20 7 9 57 83 35;
378, 77 51 33 69 72 14 25 4 7 75 3 6 57 10 8 72 49 17 23 12 11 79 79 1 62 7 43;
379, 6 65 16 75 25 7 45 45 0 26 69 16 72 65 51 42 42 46 20 65 9 72 2 9 23 72 25 71 26 17 0 12 5 46 81 5 29 43 29 75 25 7 51 75 11 72 2 8 77 75 14;
380, 27 81 117 72 2 8 45 45 1 16 19 9 80 80 5 43 72 9 32 32 1 55 69 6 79 71 7 62 3 10 26 57 8 23 65 23 42 62 41 81 21 5 23 60 25 77 51 35 59 69 7 57 71 16;
381, 56 23 29 59 53 13 55 40 21 23 25 19 6 65 15 57 38 20 72 83 8 11 43 18 19 16 19 49 51 8 75 48 15 23 11 16 4 16 15;
382, 23 34 36 10 75 8 23 34 36 32 32 0 23 63 14 72 2 10 7 25 8 60 62 19 23 25 20 26 57 8 57 57 36 57 12 7 34 55 22 57 75 22 23 4 23 75 37 53 4 65 12 57 63 8 62 77 8;
383, 23 25 21 57 71 14 51 25 11 23 65 20 11 79 3 54 54 1 26 26 1 23 48 16 57 25 18 51 17 26 55 25 22 69 72 15 59 53 15 10 75 7 33 42 12 77 25 19;
384, 51 62 17 55 23 24 43 34 12 65 38 7 12 57 5 75 25 8 9 24 19 26 6 23 23 72 14 74 83 4 65 34 6 4 4 1 62 62 27 75 25 8;
385, 78 15 9 36 4 8 54 57 12 23 11 9 75 43 20 55 56 23 71 32 7 65 29 10 23 4 14 59 55 6 53 17 16 51 17 21 81 52 6 79 79 0 42 57 10 33 59 32 57 37 31 25 4 5 57 37 31;
386, 75 70 17 51 51 0 59 84 43 4 65 10 62 4 69 55 72 16 63 13 47 4 16 14 55 42 12 79 57 55 59 55 5 26 26 0 68 81 9 23 20 28 55 25 23 65 29 11 57 79 16;
387, 51 69 24 55 65 16 4 7 7 43 72 24 32 32 1 81 52 9 81 52 9 59 55 4 25 4 8 62 7 44 3 20 8 26 57 4 32 38 17 37 51 9;
388, 42 42 97 27 67 4 75 62 15 81 52 7 12 57 6 53 34 17 51 54 19 59 57 21 16 82 48 80 4 20 27 41 108 59 59 60 26 32 10 23 48 21 75 79 5 26 45 4 16 83 17 59 29 34 59 69 10;
389, 22 29 28 59 6 10 76 65 16 19 57 7 57 79 13 59 38 25 51 33 26 59 55 64 59 4 43 23 34 30 23 34 30 59 55 6 15 48 14 22 15 9 78 15 5 25 79 15 60 51 64;
390, 57 75 18 59 69 7 72 2 6 59 55 25 57 26 6 55 60 37 72 29 6 69 65 14 75 62 11 51 23 72 59 57 21 55 65 15 72 2 6 69 17 18 55 72 16;
391, 48 82 45 75 0 11 59 69 7 23 63 12 48 51 25 59 84 39 23 11 11 19 49 16 12 48 42 25 34 5 59 55 7 59 55 4 23 11 8 69 54 28 23 48 20;
392, 26 14 8 72 34 4 57 56 15 59 55 6 72 83 7 36 19 6 55 23 28 2 43 14 22 32 23 59 70 43 69 49 24 65 34 10 14 65 20 22 23 31 34 72 3 80 80 44;
393, 26 14 6 72 29 8 63 62 2 34 72 20 71 54 5 80 80 5 33 33 2 51 75 11 23 15 11 62 63 11 59 84 43 6 55 6 43 29 14 80 16 20 57 19 6 40 77 7 61 67 4 23 83 37;
394, 62 59 57 20 4 8 22 15 9 69 23 81 32 57 8 53 74 19 57 32 9 6 6 0 57 22 44 59 4 28 26 26 0 57 57 21 55 65 55 12 57 6 23 23 2 45 57 16;
395, 22 73 57 69 29 22 53 72 10 69 57 16 23 20 29 57 4 14 16 51 23 4 4 0 23 2 36 57 82 19 66 43 33 42 59 14 34 72 9;
396, 65 29 11 22 32 22 25 19 10 57 78 26 22 15 15 6 53 7 78 32 13 25 37 8 33 49 17 59 48 26 12 57 4 59 69 7 23 63 11 22 29 26 4 79 12 65 56 16 23 79 11 63 62 2 49 65 9 76 62 5 57 82 18 25 4 6;
397, 54 71 2 53 53 38 25 4 4 45 45 1 57 12 7 25 37 8 59 55 15 28 16 45 22 57 19 69 16 43 36 56 15 65 29 11 46 81 6 59 84 40 51 57 25 7 25 8 12 57 5 43 4 17 6 65 12;
398, 75 75 60 71 7 9 57 57 1 15 69 13 23 60 5 19 63 5 54 20 10 5 25 17 69 29 24 57 60 4 81 52 8 14 53 13 59 55 7 75 48 18 55 6 14 57 26 6 25 79 11 12 57 4 28 52 4;
399, 23 23 2 67 1 4 81 52 7 80 80 0 57 65 14 59 55 5 23 12 7 57 60 6 57 0 39 25 51 59 59 5 17 22 15 13 62 63 11 57 0 6 6 6 1 53 72 9 65 72 6 69 70 11 36 65 8 51 51 24;
400, 69 70 9 81 52 7 6 55 6 80 4 8 14 53 13 25 79 148 81 21 7 59 70 13 25 37 7 78 32 12 57 71 9 48 29 16 22 29 40 25 37 8 43 60 15 51 62 17 0 84 8 62 79 26 80 56 18 25 75 12 71 57 11 59 26 24;
401, 55 69 58 29 17 16 65 72 5 71 57 13 48 57 16 59 4 37 79 79 1 23 48 13 57 32 8 65 65 0 59 20 27 6 49 8 23 57 7 59 12 29 23 12 7 69 53 12;
402, 62 40 3 23 25 27 69 53 7 65 69 20 25 75 10 78 4 15 75 72 7 23 83 34 59 42 17 10 33 10 79 32 5 23 57 7 42 62 42 79 32 4 43 33 13 23 10 12 25 19 10 6 4 23 69 53 8 43 32 17 65 43 41 22 29 34;
403, 78 54 18 23 12 4 69 53 10 0 16 10 75 79 4 14 65 18 20 0 9 23 12 7 59 48 24 23 25 18 81 21 7 22 4 38 16 69 9 23 12 10 59 6 7 71 34 19 57 54 12;
404, 53 33 13 77 40 4 70 56 12 22 34 37 65 83 13 63 62 3 51 53 25 79 82 32 7 38 10 75 7 8 59 55 5 75 79 6 63 79 6 22 15 13 59 55 6;
405, 34 43 12 55 74 60 63 63 0 4 49 19 71 34 16 62 13 7 55 6 5 25 71 17 57 65 12 55 74 34 59 48 15 78 4 14 57 12 8 25 23 81 14 57 7 57 10 14 62 25 31 55 42 20 75 51 7 80 0 17;
406, 54 54 9 63 4 13 62 13 8 25 53 12 57 57 56 12 57 5 78 11 12 57 60 7 63 75 13 62 62 7 36 49 10 57 82 30 7 56 6 54 48 18 62 63 8 81 21 8 59 69 6 68 81 4;
407, 23 12 6 81 21 5 14 23 4 22 51 29 72 16 23 59 55 4 72 34 3 19 62 3 59 56 20 81 21 7 71 82 8 57 79 11 72 74 4 75 72 9 26 38 32 24 81 7 77 79 8;
408, 6 17 15 62 13 12 23 79 10 24 81 6 33 20 14 80 77 22 18 4 25 11 77 21 55 15 18 72 83 6;
409, 59 70 26 57 10 12 6 6 61 81 21 7 4 15 14 72 72 1 12 16 15 43 29 13 59 49 15 55 53 12 0 84 8 59 43 18 72 34 4 43 56 8 19 16 11 4 4 82;
410, 53 53 0 72 34 4 22 77 10 75 49 19 65 7 44 53 10 28 57 48 69 72 34 5 25 4 4 69 59 8 14 57 10 23 10 14 57 45 20 77 77 1 72 83 11 49 10 13 59 65 22;
411, 72 83 6 79 25 11 0 25 19 23 2 34 51 75 7 77 62 1 72 2 11 72 83 32 23 12 6 62 13 9 6 6 1 69 16 16 77 16 10 59 55 5 7 48 10 63 43 8 72 34 4;
412, 25 71 18 71 82 24 33 33 1 7 6 33 72 83 112 25 75 10 65 3 6 32 32 1 55 50 14 63 4 10 6 70 7 72 34 3 75 49 25 78 11 15 69 48 16 57 79 10 19 40 10;
413, 72 34 5 33 23 4 12 57 8 77 40 5 46 9 15 32 32 20 23 0 14 78 15 13 59 59 56 23 25 24 57 60 2 17 70 7 25 4 5 33 77 10;
414, 55 15 16 23 57 5 42 65 9 75 0 9 62 13 11 24 81 6 43 72 8 7 48 9 72 29 7 81 24 4 52 81 6 52 81 7 57 13 8 6 53 8;
415, 59 43 18 75 56 11 42 29 29 0 57 12 72 34 4 59 55 6 70 71 25 55 59 5 59 65 22 59 29 28 72 83 8 20 4 13 72 34 5 53 55 13;
416, 45 17 13 25 4 3 16 42 8 70 38 13 54 48 17 57 45 5 52 81 9 72 23 31 53 65 6 25 75 9 55 6 5 77 62 1 37 23 51;
417, 14 65 17 23 10 10 53 16 9 23 54 12 52 81 8 68 81 6 56 38 7 60 57 13 9 23 61 53 71 33 37 23 50 25 4 5 57 78 5 81 29 35 65 2 13 49 65 18;
418, 12 43 15 78 4 11 14 40 13 72 34 4 55 62 13 25 7 9 15 16 12 72 29 5 75 25 9 25 83 105 82 82 8 20 43 7 59 42 14 23 12 9 75 56 13 80 57 25 59 3 49 46 68 5;
419, 74 72 3 53 17 12 69 57 21 75 25 7 53 43 5 33 33 13 26 6 20 55 62 14 59 42 21 72 34 5 23 57 7 59 6 13 72 34 4;
420, 53 83 18 2 43 16 12 48 13 57 78 4 6 4 31 59 55 4 57 10 10 62 71 16 11 79 4 48 80 24 23 78 10 14 14 0 57 62 3 59 55 4 76 20 10 55 55 35 26 26 1 72 34 4 81 52 5 43 49 23 75 25 8;
421, 67 27 9 71 40 12 29 65 11 43 65 17 62 79 9 15 0 10 77 63 10 14 26 6 53 59 19 62 0 50 70 38 12 59 55 6 57 10 15 33 33 1 26 26 1 12 43 15;
422, 23 7 18 75 54 10 23 78 11 57 76 6 29 29 0 14 40 15 33 20 12 57 77 10;
423, 78 69 44 9 4 28 11 11 0 14 57 11 57 79 9 69 48 13 71 62 12 57 77 7 59 42 14 57 34 24 45 57 7 67 61 3 23 7 19 62 0 8 53 65 25 70 16 5 50 82 15 62 48 12;
424, 23 48 21 80 75 8 78 57 6 69 59 143 57 10 9 23 40 33 59 70 20 59 57 25 57 12 7 75 25 10 57 10 8 59 72 29 4 49 19 0 65 17 77 77 46;
425, 19 84 5 55 6 56 60 57 12 62 7 11 27 67 4 12 12 24 23 48 19 62 19 8 59 69 6 29 4 9 75 54 7 26 12 14 55 12 32 9 56 40 75 0 41 42 77 23 57 54 13 78 82 13 38 34 5 49 57 18 57 32 10;
426, 59 4 25 15 16 28 59 43 23 29 16 13 11 32 36 13 79 15 78 57 5 23 10 12 55 57 21 5 57 51 75 75 26 15 69 11 65 3 8 70 32 18;
427, 15 4 20 56 25 14 62 13 7 25 3 15 78 70 11 12 57 4 38 34 3 84 36 50 63 48 13 33 69 15;
428, 43 32 17 23 53 24 23 15 18 45 40 11 26 45 10 57 60 5 78 40 6;
429, 67 9 13 23 57 41 59 55 3 57 32 8 59 6 16 22 4 26 59 59 83 62 79 14 57 10 15 29 23 26 71 79 4 23 16 19 51 48 26 37 48 11 23 16 19;
430, 78 19 31 43 57 14 55 43 10 57 4 13 65 2 12 15 4 25 23 17 19 51 75 8 23 43 13 72 34 5 79 79 0 4 84 7 10 10 1 23 42 57 38 34 3 79 4 10 77 77 51;
431, 57 13 8 23 62 6 77 53 20 71 25 13 23 53 24 81 21 3 55 12 30 65 43 24 9 57 25 77 4 13 23 40 18 45 22 16 19 6 15 71 40 13 22 62 13 55 43 10 81 52 10;
432, 67 61 3 75 0 16 32 79 5 59 23 26 48 79 17 60 57 13 78 40 7 37 19 10 10 48 15 57 79 10 75 84 5 32 57 8 57 3 9 67 27 9 38 34 3 23 40 10;
433, 57 10 9 23 62 5 60 48 16 84 25 9 62 62 39 25 80 13 37 37 19 0 40 4 32 79 5 81 46 6 81 21 8 23 15 15 16 80 22 23 40 12;
434, 57 62 7 23 16 20 23 16 20 69 4 33 10 62 8 52 81 4 48 79 21 34 29 3 84 25 9 25 80 12 81 21 9;
435, 12 16 11 23 40 8 53 53 40 78 19 15 72 34 3 29 74 14 59 36 31 12 57 6 75 48 16 56 19 17 38 2 6 5 5 10 55 70 13 23 60 8 61 67 4 37 37 31 26 26 1 48 43 7;
436, 24 81 8 71 70 17 10 16 14 25 75 12 57 79 12 5 6 20 63 63 3 72 2 10 23 84 16 57 63 13 22 77 15 5 6 20 23 37 27 14 69 26;
437, 51 16 17 53 39 43 72 2 7 55 53 10 79 79 2 57 23 9 63 63 2 62 63 10 42 42 3 13 29 16 22 48 29;
438, 23 48 17 57 26 13 59 36 28 63 15 10 78 40 5 48 29 15 59 69 7 59 55 11 63 15 10 60 56 23 24 81 7 34 23 37 15 72 19 23 17 17 10 43 17 71 71 1;
439, 60 60 78 59 55 3 78 32 16 59 55 5 13 70 8 38 34 4 57 60 6 48 23 23 33 54 12 7 71 7 29 74 26 43 62 15 7 25 8 71 71 1;
440, 79 20 13 23 25 16 81 52 6 23 22 12 49 72 11 3 79 19 23 62 4 67 9 12 51 75 8 40 7 14 59 69 7 69 4 23 57 10 10;
441, 78 75 17 57 51 23 54 70 19 62 48 14 59 34 38 59 69 13 75 43 24 42 51 22 57 26 10 71 82 5 23 5 6 70 69 13 57 10 10 23 32 9 45 4 14;
442, 55 7 16 80 51 32 76 29 27 33 49 19 75 48 18 10 43 20 4 80 14 80 80 1 23 43 22 69 59 8 57 10 8 23 43 21 37 37 1 22 23 11 6 42 7 57 51 19 62 43 11 57 48 15;
443, 7 4 4 67 67 265 34 72 3 23 84 12 20 0 11 32 57 14 81 52 7 23 62 7 38 2 6 23 26 19 77 83 20 57 4 13 37 0 12 55 49 9 43 42 13 49 45 9;
444, 70 72 9 4 49 18 23 75 40 12 16 12 57 12 7 23 5 6 79 4 9 62 0 45 62 63 9 49 3 15;
445, 23 32 8 25 79 12 14 26 62 80 16 29 23 33 3 52 81 16 70 39 39 23 43 38 55 4 24 82 57 7;
446, 57 22 33 33 23 3 59 40 31 7 42 12 59 53 13 55 83 40 13 13 0 23 40 9 25 4 5 59 55 7 48 48 1 23 62 5 42 70 2 48 23 21 74 65 7 60 49 23 32 57 10 51 32 14 59 69 6 0 13 5 43 12 15 79 79 1 59 43 22;
447, 59 55 4 78 4 14 13 29 21 81 28 6 71 16 18 57 0 4 55 72 16 80 81 38 57 10 10 48 56 8 67 47 4 71 32 8 14 29 34 22 63 19 59 16 16 79 79 7 43 63 14 76 29 29 55 23 45 78 75 17;
448, 19 6 16 59 53 14 16 12 16 23 71 16 59 55 4 62 13 7 42 45 9 25 37 218 15 49 11 69 69 2 62 40 27 57 10 10 77 12 24 34 72 3 62 3 15 59 78 15 55 34 24 75 69 22 59 53 16 77 4 16 57 10 10 55 34 40 77 25 46;
449, 59 70 15 79 74 17 23 43 15 81 81 196 15 0 14 53 72 13 55 77 19 23 57 7 22 43 36 46 81 7 59 55 5 67 46 25 78 19 9;
450, 42 83 89 81 21 5 15 7 11 82 75 14 34 65 8 65 43 9 69 57 25 43 82 20 81 52 5 55 4 15 33 49 18 40 25 17 56 34 10 60 49 20 42 16 7 14 26 5 6 6 1 55 69 4 59 62 18;
451, 13 65 8 63 57 6 23 72 24 62 63 17 57 0 192 69 42 9 77 4 16 60 63 12 81 28 6 82 75 14 77 7 19 57 22 18 13 62 4 62 26 14 6 72 20;
452, 59 62 201 23 23 1 57 10 11 75 40 13 57 10 10 4 48 14 43 40 8 25 37 6 42 13 15 57 19 6 0 34 22 69 53 7 62 13 8 75 70 13 81 81 38 67 44 8 57 13 6 51 10 12 48 56 9 55 49 40 54 82 3;
453, 82 57 7 62 53 34 53 51 28 59 70 16 57 12 8 32 57 8 62 26 14 23 59 116 57 71 14 84 60 2 43 12 13 23 56 18 42 62 8 29 29 0 49 77 5 55 49 39 62 48 16 72 49 13 13 65 9 62 6 22 80 62 16 23 43 17 26 77 6 16 49 9;
454, 55 59 4 69 25 17 43 2 13 59 48 16 56 70 9 13 62 3 21 21 47 75 25 10 29 53 17 51 75 8 62 25 16 12 16 10 40 62 1 56 43 8 71 71 0 16 57 11 62 13 8 19 16 11 56 25 5 79 40 13 7 25 6 62 26 16 72 2 6;
455, 69 42 12 7 43 13 59 23 29 43 36 8 62 13 7 12 50 15 48 43 12 23 43 16 13 16 12 53 67 33 55 29 24 59 70 19 69 53 7 71 71 0 22 13 25 68 81 8 72 34 14 57 12 8 71 48 25 23 37 20;
456, 62 13 7 59 55 5 12 12 36 72 29 5 81 21 6 15 19 9 60 49 21 74 72 5 59 72 29 61 73 23 62 4 17 72 2 6 84 77 17 57 0 4 23 5 6 59 23 33 4 48 15 19 3 14 71 71 1 59 48 17 23 75 24 84 71 7 45 45 1 51 80 3 55 12 26 6 53 7;
457, 69 48 11 59 53 14 62 0 9 23 36 16 59 53 16 57 10 10 62 7 13 45 48 83 21 81 6 40 13 10 42 48 22 70 72 9 62 7 13 57 71 16 70 36 14 16 0 12 45 23 22;
458, 32 55 25 59 70 17 45 23 19 81 44 124 69 6 3 40 7 13 15 15 1 74 72 5 79 16 9 23 51 22 69 70 13 70 0 17 23 62 5;
459, 23 37 14 62 3 11 76 23 3 57 32 10 23 13 12 45 77 8 55 53 20 63 63 1 1 27 3 72 34 4 71 71 0 57 60 7 51 16 22 23 13 11 57 32 11 81 52 8 15 19 9 40 40 20 10 16 14 23 48 17 69 70 14;
460, 4 63 10 13 79 88 42 65 10 12 16 14 28 81 5 11 0 6 75 71 5 48 49 5 57 71 13 59 12 43 69 42 7 48 20 4 53 69 10 59 69 6 26 16 21 19 4 11;
461, 43 43 0 81 21 3 59 69 7 68 52 4 53 36 15 49 77 21 55 43 17 23 48 16 57 54 20 25 25 20 34 72 3 28 81 4 25 37 8 16 40 10 83 43 20 79 79 1 40 13 4 48 55 16 57 16 12;
462, 75 34 21 43 82 18 59 15 18 75 25 8 57 57 46 33 10 15 42 57 13 79 75 5 75 25 8 23 75 20 69 16 16 49 0 17 79 40 7 57 43 19;
463, 7 40 6 62 84 17 23 75 20 15 22 124 12 57 7 23 0 12 59 53 16 81 52 6 80 13 10 23 48 18 59 70 18 45 4 27 26 57 8;
464, 59 6 10 57 16 11 23 51 21 36 3 6 45 57 6 75 48 11 51 32 12 53 16 10 79 7 4 12 43 15 71 69 24 81 46 8 84 16 11 59 69 5 53 6 7 54 55 27 57 71 22 40 75 13 48 49 5;
465, 55 49 10 23 62 227 71 71 1 23 25 27 81 21 4 3 3 0 57 57 1 65 53 8 23 40 13 49 43 5 81 81 124 71 75 161 3 10 4 43 4 14 23 12 5 75 25 9 23 40 10;
466, 76 16 14 79 16 9 23 40 9 0 16 9 57 12 5 59 15 30 75 57 14 22 70 34 13 13 1 59 42 28 63 49 16 49 13 12 25 17 13 43 40 12 25 4 3 74 65 13 71 71 1 3 10 4 69 77 13 28 81 3;
467, 57 57 1 33 33 0 22 22 53 81 21 4 7 4 3 23 0 11 80 70 28 13 63 4 42 59 18 59 69 11 21 21 28 23 4 18 22 77 14 59 42 14 57 32 7 75 25 7 43 49 3 12 43 12;
468, 33 32 11 72 12 16 13 48 10 67 73 6 57 60 3 84 71 8 55 13 21 42 70 3 23 40 16 7 6 20 33 71 12 69 70 15 25 4 3 23 48 18 28 81 4 77 79 12 23 16 14 62 13 8 23 40 12;
469, 43 42 46 23 23 1 36 25 23 42 0 14 45 48 15 69 16 19 3 60 2 82 71 6 34 16 19 59 15 21 33 49 20 69 25 21 14 57 20;
470, 75 25 24 45 54 18 71 32 10 22 69 22 14 57 10 57 10 11 22 62 10 55 43 14 12 43 15 22 55 13 57 12 6 77 7 12;
471, 6 6 0 57 63 6 43 3 10 0 37 9 5 57 5 75 48 15 32 43 19 23 51 26 77 19 9 71 48 13 34 48 16 27 67 5 62 0 8 21 81 5 3 60 1 57 10 13 12 16 16 62 63 9 71 71 1 26 26 16 59 69 12 6 53 7 62 13 10 7 3 6 69 49 8;
472, 13 62 2 23 48 19 57 57 1 43 26 35 37 80 8 62 7 12 81 46 5 62 63 7 23 57 6 71 71 0 19 16 9 54 37 11 72 29 7 67 73 7;
473, 80 48 22 59 55 5 57 3 12 83 74 5 48 79 17 43 34 16 22 16 21 72 2 8 71 48 13 0 16 9 70 3 11 59 55 7 23 79 14;
474, 40 63 6 40 82 39 49 72 16 51 80 11 7 40 8 71 71 1 79 79 1 51 51 1 59 69 6;
475, 51 57 27 21 21 0 59 55 5 69 48 9 6 53 7 22 75 25 23 48 18 53 16 20 22 75 25 21 81 6 82 48 26 25 0 22 65 40 19 75 19 12 32 43 18 59 55 6 57 10 10 7 53 13 57 54 12 49 40 9;
476, 19 20 8 65 83 11 79 16 13 23 20 12 71 71 0 62 63 10 78 76 7 79 77 13 33 71 11 70 17 6;
477, 62 0 158 33 57 9 79 79 2 81 24 13 32 23 15 55 4 42 69 48 10 67 18 4 75 4 4 0 16 10 59 59 1 37 80 7 26 63 13 7 42 17 0 16 10;
478, 19 16 10 23 0 9 66 34 26 6 59 9 57 62 51 57 49 19 12 19 10 72 72 38 26 26 0 15 77 2 36 50 5 12 19 10 71 71 1;
479, 6 76 57 72 2 8 79 79 1 43 65 7 36 16 9 81 52 6 59 55 4 55 59 5 17 48 8 81 46 7;
480, 23 23 38 72 2 7 79 25 11 0 12 4 7 20 6 55 42 57 84 77 14 0 19 3 17 48 7 40 25 14 57 45 5 77 40 4 32 63 6 75 19 11;
481, 57 54 13 24 46 4 0 16 11 49 72 10 51 48 27 4 7 8 57 69 19 72 34 5 28 81 4 51 75 7 23 76 6 77 63 11;
482, 81 21 4 57 48 11 4 63 10;
483, 14 20 21 23 62 4 40 76 10 23 76 5 7 75 11 10 62 9 79 79 1 76 57 7 19 57 10 82 32 3 19 19 6 53 72 11 42 48 6 79 40 6;
484, 22 65 24 43 37 16 23 49 27 75 80 39 57 48 14 25 84 25 71 48 16 22 16 36 67 47 7;
485, 79 49 52 25 25 105 15 16 19 40 13 3 59 16 14 42 57 54 51 48 25 12 57 3 65 43 10 26 26 1;
486, 6 42 5 4 25 5 79 40 8 36 20 3 57 20 9 22 16 20 34 72 4 23 23 2;
487, 57 3 46 20 20 13 77 13 4 57 10 8 32 10 55 71 71 1 57 19 40 84 10 8 0 19 2;
488, 36 53 11 59 55 3 55 42 12 16 40 7 71 32 7 26 57 7 81 24 6;
489, 0 51 15 75 25 7 23 49 21 7 77 16 0 82 24 71 48 20 13 62 2;
490, 69 77 32 76 23 15 0 62 39 75 25 9 23 49 21 71 20 12 23 79 14 6 29 24 55 59 5 79 75 8 72 29 5;
491, 69 63 11 6 53 10 71 72 15 25 17 14 45 45 2 69 69 3;
492, 42 16 7 43 6 9 23 62 10 55 42 10 75 16 52 5 32 7 72 34 6 19 38 26 79 79 2;
493, 34 72 3 72 29 5 67 9 8 7 16 23 77 63 8;
494, 57 45 42 39 67 5 0 55 17 9 66 6 57 45 5 57 29 33 4 76 21 0 57 8;
495, 59 11 28 57 10 9 14 34 29;
496, 81 21 4;
497, 33 71 16 63 63 2 81 24 6 53 33 23 51 51 63 65 72 5 81 24 6 62 57 6;
498, 57 0 34 53 5 20 80 16 21 55 32 29 40 16 9 75 51 9 55 54 40;
499, 12 26 20 23 0 15 0 48 11 57 60 8 63 63 11;
500, 55 43 49 24 81 5 57 32 8 81 81 70 32 53 18 69 42 14 71 16 18;
501, 57 57 0 10 69 23 14 53 30 74 84 25 0 54 10 22 79 23 55 55 48;
502, 57 69 22 52 81 7 3 40 12;
503, 40 16 8 62 13 6 49 7 21 57 19 8 77 0 8 22 63 24 40 0 6 37 57 17 28 81 5 77 62 2 55 49 41;
504, 62 62 132 55 42 12 75 48 29 72 43 13 33 42 20 55 45 38;
505, 23 62 4 19 0 35 53 40 15 51 75 26 22 77 17 19 63 7 55 25 39 71 37 11;
506, 55 25 39 25 71 12 75 72 9 25 75 14 45 56 26;
507, 34 10 50 53 53 55 51 25 12;
508, 6 48 10 49 72 11 57 23 7 22 0 27 23 51 25 72 34 6;
509, 6 43 10 71 62 12 75 49 17 81 52 5 57 5 66 13 62 7;
510, 55 69 4 67 44 7;
511, 43 16 4 40 16 7 72 34 4 79 48 18;
512, 43 43 28 48 0 17 55 53 13 12 25 17 25 34 6 55 42 9 38 34 3 48 14 155 63 19 35;
513, 71 53 23 59 42 19 32 75 28;
514, 19 57 26 4 78 19 74 16 14 53 48 3 75 48 16 42 16 5 81 52 9 57 10 7 55 53 42;
515, 26 77 8 48 65 8 49 72 11 57 57 42 43 62 9 42 70 7;
516, 77 60 9 76 71 49 55 36 26 26 74 31 12 43 14 57 26 29;
517, 57 26 29 23 16 26 32 32 31 23 33 4 5 49 16;
518, 7 0 10 23 43 18 49 12 22 40 20 7 16 65 31 71 56 18 81 21 3 76 16 17 48 32 20 55 40 18;
519, 34 72 4 23 78 99 19 76 17 29 65 33;
520, 4 29 17 1 28 21 43 15 45 71 69 26;
521, 23 0 9 57 57 0 33 72 22 22 48 20 23 0 7 57 71 16 14 53 19;
522, 57 3 36 48 48 80 77 63 10 57 3 12 59 42 38 42 65 27 49 48 4 77 4 23 26 42 42 5 6 24;
523, 12 62 7 23 65 19 25 72 30 57 32 8 40 62 1 67 53 36 59 6 8 57 12 7 42 16 10;
524, 59 53 21 40 49 13 42 53 25 60 43 47 34 66 38 23 7 26 70 72 15;
525, 23 57 5 5 57 6 83 49 29 20 43 7 15 42 11;
526, 75 19 10 59 42 15 62 13 104 72 49 16 69 2 38 26 23 19 78 79 15 33 33 78 57 62 1;
527, 55 53 9 48 49 5 80 7 57 84 16 11 62 70 29;
528, 54 12 12 33 23 73 43 59 29 48 49 9 57 15 6;
529, 26 26 0 33 57 45 62 70 24 83 53 20 72 65 5 25 29 6 62 0 37;
530, 26 57 10;
531, 59 42 35 75 48 13 59 53 10 75 40 18 57 12 9 28 81 5 37 59 46;
532, 16 16 52 82 82 17 37 59 45 76 56 22 0 53 13 57 57 32 56 48 11 22 40 13;
533, 49 49 0 43 38 48 49 6 8 16 65 8 13 40 3 60 12 11;
534, 51 16 20 19 3 16 57 76 7;
535, 7 48 16 69 72 15 16 40 9;
536, 81 52 7 14 49 18;
537, 42 59 71 77 6 15;
538, 75 42 21 9 9 43 46 28 2;
539, 69 69 0 72 65 4 59 69 7 65 43 6 59 6 80 71 54 12;
540, 57 40 50 59 42 25 72 83 9 75 13 9 7 48 10 75 25 11;
541, 49 43 11 5 70 57 48 23 25 69 70 21 75 43 31 65 61 43 45 6 24;
542, 57 62 23 0 16 8 57 0 12 43 55 16 14 23 16;
543, 3 43 13 45 57 4 54 16 14 7 10 5 59 70 16 37 25 8 23 43 26 42 42 12;
544, 12 57 6 25 7 10 16 16 69;
545, 25 25 12 56 48 9 53 60 17 40 40 13 57 51 20 25 25 12 48 49 5;
546, 59 16 31 69 72 21 75 51 9 48 0 15;
547, 75 49 20 53 42 49 57 23 36 59 57 30 76 76 24 16 71 25 59 57 48 23 26 7 59 12 42 72 4 22;
548, 23 49 15 62 7 20 78 56 28 7 7 78;
549, 42 53 60 0 13 10 7 84 55 55 42 32 23 76 8 16 63 14 67 47 8;
550, 4 62 27 69 6 5 43 43 0 40 40 1 7 37 30;
551, 0 57 3 1 27 5 62 32 14 59 20 22 62 63 12;
552, 59 70 17 49 59 161 23 82 7 62 5 8 53 70 47 0 16 8 82 82 1 76 23 3 6 83 28 40 63 7;
553, 82 40 11 52 9 32;
554, 29 43 16 60 56 19 12 40 30 63 62 4 43 48 28;
555, 25 79 9 40 15 6 75 75 60 51 75 56 0 25 18;
556, 56 29 9 6 43 10 76 42 48 57 32 12 6 43 17;
557, 75 42 19 0 32 47 76 40 17 57 77 10 25 51 54 23 12 6 25 51 54 0 15 15 59 59 4 62 16 13;
558, 57 54 10 55 55 50 78 57 6 42 72 9 23 23 1 82 40 9;
559, 21 21 1 82 82 1 25 37 8 72 34 5;
560, 78 53 41 21 47 16 82 82 1 23 71 22 16 48 5 42 48 56;
561, 69 69 1 20 23 19 51 4 13 59 43 7 70 53 29 72 23 24 82 10 4 23 25 36;
562, 49 49 26 42 55 11 48 3 15 57 32 13 53 6 44;
563, 79 57 8 63 63 0 40 40 1 43 63 14 12 48 17 57 62 1;
564, 63 69 23 10 11 67 43 36 43 13 13 38;
565, 2 42 60 23 7 32 40 13 16 42 53 38 49 49 27 63 63 33 71 76 25 43 36 28 13 48 41 42 22 31 51 65 21 40 55 19;
566, 46 81 6 26 48 37 59 38 27;
567, 53 3 15 12 62 7 62 63 11 37 69 18 62 7 9 62 22 30 59 55 6;
568, 9 38 20 50 20 2 12 72 25 21 81 10 25 7 10 54 25 15;
569, 56 56 12 25 7 9 52 81 7;
570, 36 20 7 53 80 55 59 43 25 45 3 19 57 62 1 60 48 23 81 81 21 7 0 10;
571, 65 65 19 43 82 22 45 84 19 57 26 6 38 56 10 44 68 51 59 59 35 84 48 8 43 60 35;
572, 23 25 22 22 12 29 69 15 15 3 7 5 57 57 32 27 21 21 15 0 45 71 37 8;
573, 57 32 40 81 29 28 0 4 14 43 7 11;
574, 5 16 17 53 53 0 62 5 7 57 15 8 25 71 14 59 53 13 40 42 31;
575, 5 16 16 70 3 21 26 62 26 62 13 7 72 34 3 59 53 23 76 63 13 53 53 1;
576, 13 77 12 55 48 20 53 33 12 81 21 7;
577, 6 53 5 37 48 16 15 3 21 20 36 33;
578, 37 43 18 52 52 34 44 44 15 77 49 48 0 26 12 43 37 16 15 72 26 22 63 19;
579, 63 62 3 66 65 28 7 69 26 49 51 44 57 0 6 70 6 14 6 49 7 57 11 26;
580, 23 23 57 63 77 9 42 13 12 27 9 16;
581, 37 7 58 53 53 19 23 0 46 38 34 12 37 75 33 23 14 4;
583, 54 82 19 49 42 75 16 16 1 3 19 24 40 49 16 25 51 17 75 75 23;
584, 67 18 3 7 77 16 75 13 12 82 82 39 14 0 28;
585, 13 54 16 57 62 34 23 62 7 75 70 13 3 23 70 78 53 24;
586, 44 81 59 55 59 4 57 48 27 15 26 9 78 53 14 42 84 20 48 48 17;
587, 62 57 39 54 12 46 22 15 16 79 57 54 82 40 14 75 71 36 59 69 47;
588, 79 74 17 22 15 15 59 55 5 53 23 25 23 57 4 23 43 27;
589, 71 48 35 23 48 26 23 48 26 71 48 22 0 57 4 48 11 22 23 0 11 75 62 96;
590, 62 57 7 75 74 24 59 48 17 79 62 49 75 80 6 16 40 10 70 40 10;
591, 7 7 17 59 78 43 40 0 60 7 51 48;
592, 49 49 26 68 81 6 53 32 35 62 63 10 19 32 15 55 70 13 0 57 4 69 57 18 4 25 7 19 32 16;
593, 56 76 67 59 42 12 22 23 13 42 50 12 65 49 10 43 26 26 62 62 23;
594, 75 79 2 53 40 52 45 51 22 82 56 18 57 10 10;
595, 43 3 19 48 6 10 57 59 43 49 18 46 75 80 5 37 79 29 57 15 8 13 0 13;
596, 75 48 18 57 48 18 22 78 7 42 53 38 59 59 34 13 13 36 37 25 8 65 69 28 63 10 5;
597, 72 43 12 22 22 54 22 22 54 57 48 64 80 48 23 45 54 53 25 77 69 49 40 19;
598, 7 23 18 29 56 17 77 51 56;
599, 70 49 70 75 43 51 62 42 43 43 62 25 25 75 13 22 65 35;
600, 23 48 18 33 33 0 22 26 7 43 48 7 69 43 10 62 22 64 51 51 32 32 84 13 23 26 8 48 16 27 26 79 19 43 62 9 23 26 8;
601, 33 33 0 77 53 51 55 69 8 84 25 41 3 3 0 53 77 12 26 0 8 65 72 7 79 79 32;
602, 15 2 23 82 54 44 3 48 8 25 60 13 34 72 4 65 65 49 33 76 4;
603, 23 32 9 25 23 26 82 5 20 54 40 7 70 53 10 12 12 1 82 3 14 22 76 12 23 49 37;
604, 0 63 4 80 65 32;
605, 43 3 16 21 81 6 53 53 0 63 65 31 12 12 70 42 62 12 9 39 24 43 29 13 63 65 31;
606, 32 0 11 48 42 8 12 40 10 75 62 30 36 48 6 49 3 16;
607, 6 17 34 76 19 11 23 23 26 40 59 23 59 6 16 49 56 11 63 78 11 26 57 11;
608, 36 43 55 26 57 24 77 43 20 59 69 60 48 75 26 13 84 6 38 59 35;
609, 7 55 39 81 52 8 72 72 11;
610, 54 71 21 32 57 8 23 48 25 69 23 25 21 27 18 57 54 40 75 20 31 23 48 30 57 10 5 36 3 15 37 12 64 23 0 7;
611, 72 34 4 48 62 6 75 51 17 27 49 33 23 29 29 70 0 28 49 65 10 13 62 8 43 34 15 51 75 62 69 48 17 51 75 63 48 16 16;
612, 49 83 23 57 59 69 29 65 8 62 63 9 49 69 11 6 69 31;
613, 7 25 7 77 5 10 23 25 31 16 79 15 32 37 9 29 65 10 57 42 52;
614, 57 62 53 7 49 22 23 33 3 60 62 14 70 43 32 72 34 4;
615, 75 60 8 14 6 66 60 48 74 77 12 13 43 7 13 81 58 14 75 60 7 23 57 5;
616, 7 11 10 42 56 13 22 43 35 51 70 26 39 39 1 6 69 22;
617, 68 67 13 84 7 45 65 53 11 23 7 29;
618, 32 32 0 26 26 0 65 43 12 43 69 10 0 14 33 33 23 4 19 36 11 39 6 42;
619, 43 15 16 49 40 14 69 37 23 57 49 15 6 53 6 26 57 10 48 26 24 15 71 24 7 62 10 5 4 14;
620, 26 62 37 12 48 16 69 19 22 7 20 42 26 70 17;
621, 69 42 11 3 10 33 13 13 25 40 43 13 19 12 11;
622, 53 65 20 37 71 72 75 51 7 81 52 5 22 77 45 57 57 47 53 49 55 14 43 34 29 43 19;
623, 23 40 11 37 75 28 32 11 6 53 65 14 69 65 22 23 23 1 14 69 15 53 65 13 77 13 9 79 3 15;
624, 51 43 27 49 22 17 69 40 22 23 62 7 54 32 3 62 57 32 40 82 15;
625, 62 75 53 53 48 21 13 34 28 26 26 50;
626, 42 59 33 62 42 45 57 57 44 71 57 26 62 15 8 12 57 8;
627, 43 16 70 42 59 19 57 26 9 13 37 12 70 29 18;
628, 62 51 57 78 4 23 16 49 59 53 72 14 69 42 12 40 48 9 72 43 9 51 42 31 12 57 5 21 28 51 7 3 3 56 36 10 69 69 9 62 63 11;
629, 48 32 38 75 62 49;
630, 60 57 41 34 23 41 23 26 6 63 16 14 59 70 26;
631, 6 55 10 62 62 57 23 0 8 71 53 7;
632, 57 45 17 72 34 11 0 0 8;
633, 13 25 12 60 60 38 0 23 28 2 69 33 57 23 9;
634, 48 51 42 26 48 19 12 63 9;
635, 51 37 6 42 32 16 76 57 33 42 25 39 78 59 24 26 49 30 75 40 11 69 59 24 0 62 7;
636, 77 23 12 81 46 7 48 63 17 26 75 22 40 43 8 57 26 6 74 84 34;
637, 26 26 0 62 84 15 0 7 11 84 49 22 53 6 33 27 67 5 59 55 7 23 53 35 77 26 8;
638, 53 53 28 0 48 14 61 1 14 26 33 36 12 0 17 83 2 12 57 57 1 82 10 4 7 53 15 62 23 12 23 48 20;
639, 40 48 25 78 82 13 13 19 15 23 75 21 53 40 51 57 63 8 34 65 9 62 32 46;
640, 7 62 7 42 59 18 34 16 19 49 16 10 80 80 1 15 55 23;
641, 51 16 23 10 60 4 80 80 78 16 4 55 65 43 10 26 19 16 57 71 49;
642, 17 43 39 76 4 39 22 77 17 40 40 59 20 80 77 6 29 46 0 16 13 77 57 7 26 77 9 33 14 5;
643, 62 43 17 43 62 37 49 5 28 77 78 4 76 36 16 69 49 11 59 78 18 55 20 11 72 43 13 68 24 31 57 77 15;
644, 23 22 14 27 18 9 3 3 22 26 83 30 81 21 5 42 59 19;
645, 10 32 3 39 39 30 25 81 43 16 53 10 48 4 24 59 22 20 54 82 5;
646, 57 40 18 40 40 2 59 16 45 53 84 32;
647, 12 40 6 32 56 24 40 42 30 62 13 10;
648, 62 60 18 69 65 16 60 57 14 37 0 20 84 0 10 62 55 27 16 37 13 70 56 11;
649, 69 59 12 72 29 5 25 49 21 0 57 3 59 42 11;
650, 23 48 18 45 45 0 59 53 10 16 19 14 62 77 9 26 57 9 40 15 8 3 75 13 45 22 22 80 48 19;
651, 57 10 8 62 70 16 82 60 21 78 82 20 14 12 42 0 15 35 48 12 24 29 56 10;
652, 0 23 13 49 65 11 69 59 12 22 40 19 11 43 24;
653, 3 16 10 48 12 22 53 77 37 62 25 20 53 0 16 72 42 19 81 68 6 53 6 10;
654, 51 70 64 53 16 7 13 79 8 23 12 45;
655, 29 48 14 56 72 8 48 75 29 63 0 5 43 16 6 49 49 13;
656, 49 36 34 63 72 38 43 65 24 48 59 33 62 40 7 38 34 3;
657, 80 4 9 70 69 12 53 48 22 62 60 9 69 23 27 15 37 17 52 81 7;
658, 13 26 15 76 23 34 62 62 1 55 78 44 40 62 5 51 51 41 53 55 17 77 42 48;
659, 55 55 19 53 25 15 34 72 3 42 51 31 59 59 27 57 32 10 59 69 9;
660, 57 0 3 77 7 19 33 33 0 57 78 9 59 53 43 16 16 0 48 60 32 56 63 32 57 62 4 75 29 12;
661, 56 63 31 63 4 7 59 69 30 16 48 52 51 49 20 19 19 20 48 29 11 59 55 20 33 26 42 25 25 19;
662, 23 49 20 0 40 19 52 24 37 15 34 26 23 0 11 22 33 31 68 81 7 7 51 22;
663, 17 80 56 65 49 34;
664, 26 26 0 54 71 4 59 50 24 82 82 1 7 48 11 78 57 15;
665, 53 40 19 48 13 54 36 45 16 40 77 22 48 36 6 42 57 38;
666, 26 23 38 48 32 12 59 42 21 77 23 14 82 82 46 56 38 6 19 51 19 26 26 1;
667, 10 0 7 60 62 19 51 84 13 57 12 5 62 57 23;
668, 23 62 7 77 62 24 49 55 13 55 59 5 75 65 11 26 26 1;
669, 57 82 8 29 38 7 6 55 6;
670, 26 26 0 13 51 22 57 62 1 70 29 15 81 21 5 75 72 11 49 48 6 70 69 13 9 48 36;
671, 69 51 29 62 40 7 81 52 5 59 42 18 16 79 13 57 43 21 26 26 1;
672, 82 7 10 5 53 20 62 69 18 49 6 13 60 23 15 37 7 8 57 12 7 36 51 26 25 62 13 23 26 11;
673, 26 26 0 12 63 7 20 80 46 59 50 16 75 42 46 57 26 12;
674, 59 55 3 26 23 30 62 57 6 75 42 44 22 65 31 25 42 18 57 32 5 15 42 16 72 70 12;
675, 26 26 0 22 23 10 42 43 10 57 82 39 53 20 17 63 42 26 84 20 17;
676, 54 57 17 55 6 6 56 4 11 77 48 14 71 65 24 3 53 17 26 78 35 4 48 16;
677, 42 3 19 16 15 20 39 67 27 42 43 8 72 34 3 49 65 12 26 26 1 37 71 11;
678, 51 40 15 75 80 41 55 49 11 59 42 35 23 72 22 4 63 10 55 62 25 51 3 17 63 63 1 33 26 12;
679, 59 42 34 13 43 11 48 65 16 12 0 4 26 26 1 43 62 27 57 60 7 23 37 12;
680, 63 19 21 57 29 25 34 34 14 12 53 31 49 70 3 57 70 13 26 26 1;
681, 65 38 31 69 62 14 79 79 25 43 23 20 63 12 10 48 23 24 23 65 17;
682, 26 26 0 63 63 1 37 80 37 4 25 12 75 53 33 49 23 26;
683, 51 49 17 60 43 25 42 62 16 36 36 24 23 23 21 63 76 17 62 26 15;
684, 43 57 19 38 72 9 51 65 29 72 34 4;
685, 48 59 28 6 49 9 32 3 32 24 39 30;
686, 62 71 30 71 65 25 23 62 6 67 74 33 36 74 26 0 54 23;
687, 7 62 12 10 51 21;
688, 77 32 19 43 43 0 16 60 20 7 62 10 42 59 17 40 25 18 54 54 3 69 42 14 62 23 20 49 63 26;
689, 55 43 21 84 84 14 23 70 21 55 69 3 0 12 8 4 49 25 43 26 22 26 65 26;
690, 57 19 7 29 70 26 48 75 19 49 70 4;
691, 15 49 16 36 36 12 69 59 19 62 63 10;
692, 56 43 10 69 59 18 22 69 11 81 68 9;
693, 42 6 5 62 43 26 78 13 18 62 43 21 72 56 8;
694, 57 54 16 49 45 9 23 5 7 0 62 7 49 49 1 32 63 6 26 22 9 62 34 20 24 68 3;
695, 43 54 21 19 16 19 69 69 1 4 34 12 49 0 21 84 37 9 34 43 14 23 48 17;
696, 23 54 16 72 56 6 69 7 20 23 48 23 57 32 9;
697, 70 59 19 6 6 0 69 16 20 57 77 5 26 26 1;
698, 69 59 8 43 25 11 48 0 18;
699, 23 0 8 6 69 4 51 71 12 19 3 9 43 56 14 59 43 1;
700, 37 71 14 25 48 10 53 53 2;
701, 78 13 10 66 66 6 16 62 9 70 43 3 62 4 18 63 12 6 32 57 9;
702, 0 12 4 71 12 11;
703, 72 34 4;
705, 0 48 14 63 57 8 25 34 4;
706, 15 57 9 59 55 5 65 29 11 42 69 10;
707, 16 36 7 57 10 7 62 13 8 23 63 10;
708, 10 7 11 67 67 0;
709, 67 67 3 75 10 7;
710, 3 3 0;
711, 63 32 5 40 13 6 55 59 6 62 57 8;
713, 63 63 1;
714, 10 60 3;
715, 69 55 4;
780, 29 53 30 57 49 13 62 62 21 77 57 7 40 48 49 75 49 38 52 81 6 77 40 7;
781, 55 59 4 12 49 16 48 48 51 62 43 15 10 16 15 59 49 17 75 77 19 42 42 62;
782, 13 75 16 20 40 6 22 40 17 65 43 9 49 77 7 69 59 7 55 53 14 3 10 3;
783, 25 74 6 7 69 74 65 2 11 56 49 14 32 32 1 63 63 18 60 75 21 76 62 7 20 56 8;
784, 55 55 39 51 63 50 84 84 1 6 78 174 6 69 166 23 62 7 32 12 5 80 83 22;
785, 59 55 4 75 16 20 77 22 18 25 71 17 84 65 12;
786, 34 72 5 42 70 51;
787, 23 23 63 59 69 28 40 3 8 77 69 14 57 26 7 23 43 24 62 49 42;
788, 13 13 37 59 42 16 32 54 6 23 75 37 48 65 10 81 52 4 29 9 81 40 77 6 53 48 7 62 23 12;
789, 55 49 33 69 69 103 82 82 1 37 71 31 16 76 22;
790, 5 57 44 3 36 4 82 55 26 36 43 8 49 49 18 63 49 20;
791, 57 6 42 67 9 13 42 5 83 38 43 30 57 78 41 16 16 61;
792, 56 61 38 69 70 27 16 40 7 43 62 11;
793, 51 51 42 25 48 41 32 57 7 61 61 12 79 79 1 4 23 24 42 6 7 7 48 15 49 57 23;
794, 77 22 64 62 12 19 49 77 7 76 76 38 80 80 22 53 70 3 62 5 29 72 29 7 79 3 5;
795, 62 13 8 48 7 13 38 34 4 55 69 33 42 72 15;
796, 49 3 15 57 33 11 62 62 20;
797, 49 42 26 43 43 40 81 21 6 34 72 6;
798, 57 43 18 62 25 32 23 22 13 49 75 28 72 34 8 43 43 61 62 25 32;
799, 32 32 59 26 26 0 63 15 14 36 7 31 42 42 57 7 43 23;
800, 13 4 13 26 26 0 23 48 19 49 57 62 72 34 3 77 14 10 48 48 1 24 81 11 15 15 32 63 32 6;
801, 75 51 9 19 7 7 72 74 6 29 34 4 49 72 12 71 3 7 48 57 408 23 23 34 42 42 24 26 26 61;
802, 77 13 155 40 16 37 70 11 29;
803, 69 42 11 57 62 1 57 23 8 23 51 32;
804, 22 22 26 3 48 12 57 15 7 53 59 14 26 26 57 63 13 1 37 80 8 42 77 13 57 30 7 2 38 62 25 72 19;
805, 48 23 23 77 42 44 7 23 31 53 16 8 57 26 10 42 49 23 70 40 14 12 5 44 25 53 12 75 79 3 57 37 14 65 62 12 48 23 23 71 32 49 9 9 1;
806, 40 48 16 13 13 39 75 80 7 34 53 27 65 65 1 4 16 30 55 69 3;
807, 10 43 15 33 33 36 55 42 16 62 62 29 65 54 17 13 62 4 19 10 57 43 40 23 49 53 47;
808, 75 75 74 26 26 0 72 19 30 70 15 16 19 82 64;
809, 75 54 13 70 48 7 16 16 57 72 34 6 4 57 16 49 62 15 26 26 1;
810, 59 69 8 37 25 10 59 59 81 16 55 31 7 7 27 6 53 10 53 48 44 26 19 28;
811, 19 43 43 49 45 12 60 53 29 53 55 93 81 81 148 23 57 44 48 14 30 25 7 17 68 81 20 26 26 1;
812, 22 55 11 32 71 8 82 82 1 26 70 18;
813, 69 69 1 57 63 11 4 51 14 82 3 11;
814, 40 48 35 29 69 29 82 3 10 84 71 8 53 43 6;
815, 15 3 37 43 53 38 23 57 7 53 53 58 62 48 12;
816, 43 43 0 36 84 9 69 49 9 62 43 14 13 36 4 57 32 5;
817, 7 7 44 63 53 42 3 3 0 10 3 12 7 32 11 26 26 1 43 76 26 19 79 12 75 37 4;
818, 84 59 42 3 37 25 50 13 13 43 70 35 25 15 34 83 38 10 59 69 20 80 80 35 60 23 14;
819, 4 57 16 60 71 11 40 59 26 48 43 5 67 39 30 5 32 42 62 0 14 12 16 13 43 70 15 48 63 13 28 81 60;
820, 53 48 5 75 4 5 11 43 38 57 69 32 69 42 9 49 49 0 75 51 9;
821, 53 43 21 42 59 36 40 48 7 19 48 14 48 53 6 71 71 2 55 42 11 13 4 12 75 15 25 62 76 11 3 3 54 49 15 22 80 4 10 42 59 36 4 6 42 75 75 85 40 43 39 11 54 25 48 56 8 36 20 8;
822, 84 84 27 33 76 80;
823, 60 49 41 75 43 21 43 7 14 57 62 2 42 42 63 23 48 26 62 63 11;
824, 48 53 15 76 45 8 15 26 27 78 42 17 42 15 50 29 42 36 71 71 47 48 49 8;
825, 37 53 33 59 42 14 59 59 48 75 23 56 26 26 1 57 32 12 48 48 1;
826, 34 74 20 49 32 16 80 80 0 26 70 22 42 53 41 59 43 37;
827, 23 19 11 63 7 18 26 26 0 77 42 38 80 80 0 48 48 1 63 10 7 43 53 5 42 53 34 34 48 17;
828, 59 6 8 80 80 106 5 33 8 12 12 23 70 48 74 80 51 4 43 13 11 55 59 50 7 57 19;
829, 26 26 0 3 40 16 48 48 39 62 23 45;
830, 36 16 5 22 57 18 79 63 10 7 50 10 15 13 9 83 83 19 26 77 11 53 42 16 61 16 220 49 55 36 10 48 46;
831, 25 25 34 51 75 9 48 70 30 16 69 43 81 68 21 23 54 37 49 48 7;
832, 71 48 13 51 48 56 0 62 2 53 65 11 7 4 5 29 63 31 48 6 15 77 69 25;
833, 48 49 65 55 59 6 48 49 7;
834, 26 26 0 6 0 31 42 69 10 59 42 16 53 48 129;
835, 42 42 16 43 55 26 49 26 24 57 57 44 62 57 7 17 3 10 16 62 17 62 76 12;
836, 51 4 35 29 53 14 59 62 50;
837, 62 77 37 57 48 41 7 71 22 36 49 13 83 72 13 70 70 14 39 43 32;
838, 32 62 9 50 48 9 23 0 8 72 34 4 48 12 24 49 59 21 46 1 12 59 42 31;
839, 10 34 42 3 75 18 49 59 17 7 43 36 42 62 33 10 34 42 7 51 23;
840, 78 23 9 75 4 5 16 56 43 62 49 21 68 9 27;
841, 6 53 31 75 25 13 14 40 105 56 48 19 63 19 9 80 49 47 13 6 61 42 55 41 51 75 9;
842, 52 81 10 56 20 14 0 57 2 7 10 52 56 48 13 23 15 71 52 52 25;
843, 5 62 2 57 57 35 76 12 6 3 7 114 26 26 1 16 54 438 0 54 194 43 70 27 84 40 8;
844, 42 42 60 15 78 7 57 40 5 62 70 13 23 55 23 40 13 46 26 48 33;
845, 71 65 13 57 22 22 14 26 7 0 72 42 70 70 19 59 42 42 75 75 78 26 26 1 59 55 6 62 70 15 40 32 11 54 0 51 75 75 77;
846, 51 50 26 40 40 1 26 48 31 6 6 1 55 55 17 62 13 7 51 13 24 49 43 5;
847, 52 81 7 26 26 0 40 16 7 51 80 3 63 40 3 77 77 49 12 12 2 25 77 19;
848, 3 42 20 6 6 0 79 16 196 26 26 0 77 19 10 78 78 1 50 23 27 6 6 1;
849, 48 13 14 6 42 7 24 81 17 43 49 5 12 49 18 71 20 23 78 29 55 56 60 45;
850, 25 4 5 42 15 6 40 49 13 59 55 4 34 72 3 70 76 32 83 38 7 59 59 50 49 48 43 57 54 18 42 43 6 83 83 16;
851, 80 37 9 23 48 19 53 69 13 6 6 0 57 32 6 43 23 32 12 57 5 75 75 17 26 45 50 6 53 9;
852, 28 21 5 57 57 45 69 59 6 16 16 61 48 70 10 37 71 15 55 42 26;
853, 20 42 24 53 49 35 60 60 40 59 49 22 82 82 29 55 7 17 23 11 10;
854, 72 29 8 53 53 50 48 48 46 26 26 1 23 62 478 3 23 26 78 78 97;
855, 25 63 12 43 0 12 53 54 48 44 9 6 76 76 40 55 57 19 43 37 45 53 59 21;
856, 29 49 16 51 77 19 57 57 1 63 48 22 42 59 53 57 0 5 42 55 13;
857, 59 50 28 76 37 26 23 23 1 59 50 28 29 25 113 79 48 25 27 70 43 38 62 20 62 62 473 65 49 10 57 43 50 48 22 25 75 57 17 23 75 33 20 6 33 84 25 13;
858, 76 22 21 71 3 12 32 62 8 57 40 5 24 44 33 59 53 12 71 37 39 59 69 5;
859, 72 56 2 23 75 31 13 57 24 51 6 38 71 84 43 34 43 24;
860, 56 7 10 71 48 28 69 42 12 78 59 46;
861, 74 6 25 49 69 10 43 42 6 53 70 34 72 53 11 75 42 38 7 40 12 79 60 6 37 37 1 69 69 2 23 26 6 75 25 9 43 55 18;
862, 79 60 5 55 59 2 26 26 0 49 49 9 53 59 18 37 7 10 32 5 33 15 77 4;
863, 53 0 16 57 42 16 65 72 39 71 72 12 55 42 12 59 43 18 15 32 17 26 5 10 70 6 12;
864, 60 60 59 70 56 13 51 80 8 10 76 11 7 15 10 40 40 1 57 11 9 42 51 53;
865, 22 48 26 57 12 7 25 55 34 15 69 15 69 77 29 14 25 32;
866, 40 40 0 15 71 18 16 16 12 12 82 16 69 29 28 26 26 19 23 37 21 81 24 5;
867, 16 16 21 15 57 29 26 70 28 20 17 45 0 12 503 40 51 22 38 38 51 29 72 6 72 37 15;
868, 80 71 54 39 39 2 48 62 9 55 59 6 42 59 18;
869, 59 23 23 53 59 25 70 49 2 23 0 53 57 77 13 77 26 6 70 16 33 57 63 13 11 11 118;
870, 81 81 450 4 48 21 25 51 17 49 65 12 26 53 30 57 23 8 39 29 20 23 57 22;
871, 80 70 25 75 48 20 57 77 11 62 49 30 83 72 6 59 6 9 32 76 13 26 57 10 57 59 22;
872, 70 42 49 63 63 1 32 84 8 49 53 2 7 48 17;
873, 62 12 12 40 40 0 80 70 24 43 77 13 59 59 52 20 20 58 63 63 15 48 49 40 59 48 29 53 0 54;
874, 49 51 44 59 6 27 40 13 4 76 76 1 77 63 9 72 34 6;
875, 75 75 26 49 75 31 62 3 16 15 43 18 40 57 18 42 74 38 72 34 5 69 77 43 48 19 28 0 62 3 49 49 9 76 0 84 42 59 60;
876, 62 84 19 42 59 59 4 10 19 26 7 31 76 62 8 56 49 23;
877, 26 7 30 42 49 14 49 84 17 53 65 22 5 71 13 62 23 26 25 71 15 37 37 1;
878, 54 54 4 49 48 5 59 53 18;
879, 0 55 47 42 62 136 57 37 48 11 75 25 37 53 21 69 69 33 22 51 27 5 12 6 15 62 52 0 4 13 57 37 20;
880, 7 70 22 43 74 25 55 42 32 55 70 16 59 77 20 4 40 13 1 31 342 37 70 26;
881, 57 26 92 67 9 20 57 32 43;
882, 11 77 18 65 70 15 42 42 7 79 48 40 25 0 21 55 59 25 50 4 9 34 65 14;
883, 76 49 25 40 59 28 43 38 37 16 49 10 25 23 32 0 23 224 28 28 52 43 43 0 0 25 440 56 23 45 48 62 10 37 12 34;
884, 77 23 17 75 34 12 55 59 4 22 78 33 43 37 19 82 40 46 71 71 11 84 23 20 4 27 39 48 59 34 25 53 22 53 57 34 63 53 20;
885, 16 43 6 62 54 18 63 53 19 13 69 20 43 43 52 71 37 8 22 15 13;
886, 13 16 29 5 71 11 53 53 46 38 38 27 42 42 55 77 0 29;
887, 33 12 29 72 34 5 3 16 13 51 75 7 42 42 55 26 33 4 59 55 7 12 12 2;
888, 32 62 52;
889, 36 0 16 16 49 14 12 76 13 51 10 70 7 15 14 53 22 38;
890, 0 4 11 69 59 6 25 62 34 53 53 16 16 84 13 62 70 16 33 26 8 63 0 7 23 57 31 5 63 9 75 75 2;
891, 71 78 20 72 43 18 63 0 19 33 26 6 74 72 5;
892, 6 69 12 84 3 53 49 16 7 78 57 7 43 55 19 26 26 1;
893, 75 75 34 23 15 51 62 55 30 12 0 11 59 59 40 0 53 44 60 15 20;
894, 57 82 9 49 10 37 72 34 5 0 53 17 53 69 18 62 76 15 77 69 69 7 43 18 29 43 19 69 53 14 13 0 53 80 83 32;
895, 7 80 13 12 57 32 59 6 9 26 29 36 10 23 33 80 48 22 32 49 41 16 32 37 49 29 26 70 6 26;
896, 10 32 17 53 59 94 77 75 17;
897, 0 54 12 77 62 16 72 34 4 34 66 31 82 82 1 48 10 19 57 57 65 25 75 11;
898, 48 53 23 40 40 36 71 54 5 81 52 6 42 7 57 46 46 96 82 29 29 66 27 6;
899, 63 25 18 13 62 5 55 6 5 59 55 4 46 46 93 57 12 6 49 49 7 63 62 6;
900, 54 57 9 10 77 14 12 5 16 53 49 36 23 62 29 42 42 60 49 65 13;
901, 75 75 41 37 71 20 49 43 7 48 65 9 75 55 32 0 19 30;
902, 49 16 36 55 55 37 48 72 13 27 67 4 55 69 5 71 77 18 65 69 37;
903, 81 21 4 75 39 34 7 77 17 83 55 46 6 59 14 65 38 7 3 10 5 16 16 1 0 0 27 23 62 33 3 62 10 59 43 27;
904, 6 43 166 3 62 9 23 62 20 42 42 59 1 67 52 75 0 11 62 63 8 23 49 31 3 48 13 69 53 10 16 16 59;
905, 76 84 29 3 51 20 53 59 14 59 69 6 43 62 34 3 82 8;
906, 12 12 465 26 57 46 77 43 10 59 70 45 15 33 9 49 16 8 70 26 67 2 72 19 53 4 22 48 48 1 26 57 14;
907, 34 34 2 29 77 37 37 25 7 42 59 26 48 48 26 53 53 0 51 80 3 34 21 84 72 70 45 59 59 36 48 48 43 33 70 22;
908, 43 69 55 15 70 17 63 23 17 34 72 11 48 0 13 15 40 7 57 62 15 29 39 39 53 53 179 62 23 15 43 0 11;
909, 26 57 11 62 23 14 23 15 20 33 15 38 75 80 6 69 53 15 26 26 1 72 69 42 48 48 1 53 55 17;
910, 29 53 17 15 15 1 20 20 1 49 55 23 34 21 81 7 7 58 46 78 49 75 62 13 59 43 38;
911, 63 14 22 26 57 9 48 48 477 43 57 96 13 77 7 65 23 24 52 81 11 57 26 62 62 76 11 4 40 11 48 26 62 16 40 9 0 19 5 15 63 12;
912, 59 43 36 63 62 14 23 59 47 38 34 3 65 22 42 12 12 460 83 72 21 43 26 61 20 20 43 4 57 56 75 71 8 62 49 24 56 70 18 59 55 6 42 40 18;
913, 62 49 23 57 70 32 4 15 18 53 53 0 16 16 61 42 69 10 33 26 60 57 57 38 74 31 286 75 3 8 16 49 35;
914, 53 69 15 65 34 7 10 77 19 49 43 41 80 75 30 62 53 40 32 23 14 43 62 16 23 4 26;
915, 25 26 58 59 49 21 53 29 24 7 63 5 32 57 8 77 15 7 55 59 25 36 36 48 23 71 25 55 6 10 38 53 77 76 76 29;
916, 23 57 8 59 59 36 34 72 3 43 29 20 42 59 17 54 62 39 42 59 23 43 62 14 15 84 22;
917, 10 43 22 76 40 11 63 62 6 72 55 55 25 71 16;
918, 74 55 45 0 63 8 51 80 4 52 81 8 50 16 9 37 4 10 10 57 10 26 26 1;
919, 69 53 34 22 0 21 38 53 79 43 0 23 0 0 45 53 53 23 49 54 246 55 59 12 34 74 3 15 15 52 32 82 8;
920, 23 80 24 10 78 19 42 59 19 43 77 9 22 23 10 26 26 1 23 0 8 45 54 24 56 82 40 6 42 10 22 23 10 38 65 6 57 57 71;
921, 80 80 0 65 23 31 43 53 9 19 63 4;
922, 80 51 3 46 9 223 72 77 37 10 43 24 26 26 1;
923, 62 78 67 0 40 38 84 7 33 71 80 41 57 26 50 69 77 14 23 33 15;
924, 57 62 13 60 57 46 23 33 14 69 77 13 59 69 6 36 36 17 29 56 55 69 42 45 6 69 7 60 60 28;
925, 53 43 21 74 38 4 22 19 51 57 7 32 59 42 21 53 55 16 42 53 38 62 26 5 29 53 21 65 57 52;
926, 71 82 7 72 59 34 23 22 11 65 3 27 48 49 7 0 0 44 23 57 47 55 59 46;
927, 59 55 7 12 57 7 0 49 13 63 13 1 43 69 15 75 75 55 0 53 18;
928, 10 43 24 60 29 27 15 77 16 42 22 19 13 40 6;
929, 53 59 20 23 69 29 16 49 9 57 0 6 15 78 23 9 9 0 4 25 5 62 69 28 82 43 25 70 59 22;
930, 26 26 0 77 4 49 0 49 41 22 15 29 42 25 34 38 38 1 70 70 0 9 39 7;
931, 47 41 269 6 6 0 53 62 18 75 82 17 72 53 24 70 62 14 62 48 57 26 26 1 48 48 43 43 69 17 34 56 67 40 49 40 7 7 29 38 38 2 23 62 29 57 59 31;
932, 3 77 14 1 43 55 48 16 6 9 67 9 26 26 1 0 43 13 20 20 84 57 62 7 23 57 29 10 77 49 77 57 8 57 57 28;
933, 3 43 15 20 33 24 49 20 7 45 62 8 14 26 40 32 53 30 77 69 93 49 7 15 55 59 39 62 4 28 4 70 24 57 57 27;
934, 14 26 39 38 49 20 49 51 42 55 55 26 75 72 27 10 10 54 53 48 73 26 26 1 25 25 19 57 32 9 21 21 39;
935, 69 42 15 43 10 21 37 48 15 28 52 10 76 23 34 48 84 15 55 59 6 69 69 10;
936, 53 55 14 33 16 59 26 26 1 43 65 12 74 2 16 62 25 43 53 15 20;
937, 34 72 6 16 77 13 40 50 10 71 25 18 32 70 18 72 53 15 15 13 10 37 57 21 26 26 1 0 0 52 34 72 6 22 12 20;
938, 39 81 120 10 0 8 55 42 16;
939, 59 59 65 63 62 3 82 82 0 49 37 196 59 42 20 52 39 18 45 45 31 62 7 18 57 57 30;
940, 82 78 13 53 77 36 52 39 18 34 48 24 62 23 25 51 7 34 22 62 21 49 55 16 45 57 8 52 81 8 34 72 8 43 80 18 71 51 25 49 36 17;
941, 59 33 47 0 65 12 57 63 9 62 75 61 69 59 8 4 37 194;
942, 42 42 62 34 43 18 13 13 20 2 72 25 43 70 24 40 60 12 16 51 27 42 6 56 2 72 35 57 79 11;
943, 53 55 12 3 54 10 46 46 9 54 49 32 55 69 12 2 72 24 26 26 1 40 49 20 83 48 28 10 32 3 4 0 13 23 33 4;
944, 0 36 22 72 29 6 67 48 41 3 36 9 59 25 43 72 49 72 0 62 389 70 23 25;
945, 69 42 15 77 60 48 0 49 19 53 53 1 62 22 38 4 69 36 28 81 7 59 55 5;
946, 75 55 33 33 62 13 81 81 1 16 29 13 3 84 28 75 55 33 43 48 57 62 62 381 84 79 20 40 6 51 63 49 16 70 72 12 42 4 51 23 62 9;
947, 83 48 24 40 40 0 20 3 14 55 55 23 49 59 19 44 31 253 14 49 20 39 29 39 19 62 8;
948, 40 15 11 19 62 7 81 52 7 57 63 7 5 5 53 53 0 19 78 3 45 16 79 40 11 37 186;
949, 59 59 9 40 78 34 49 59 18 19 0 7 23 62 6 62 13 54 7 77 14 3 48 16 46 34 38 26 26 1;
950, 72 43 20 32 12 6 16 36 6 10 57 14 54 0 45 77 26 23 48 29 21;
951, 65 48 8 56 49 11 26 26 0 42 36 11 51 75 8 34 72 4 0 0 11 33 33 10 60 22 28 5 5 26 53 43 7;
952, 49 29 20 10 40 13 26 26 1 2 43 18 43 57 16 52 81 7 49 69 20 57 20 31;
953, 59 55 5 2 83 3 78 77 41 60 57 15 59 69 10 62 57 8 26 26 1 29 43 17 34 34 33 3 43 23 80 49 34;
954, 25 9 45 57 48 13 23 22 34 80 51 5 53 23 35;
955, 38 38 0 70 72 15 33 23 36 49 84 19 70 56 16 43 48 53;
956, 25 55 26 48 65 17 43 43 116 7 42 24 62 51 56 71 57 19 57 57 3 15 76 33 38 38 1 71 25 17 50 0 11 43 43 1;
957, 0 62 40 49 53 21 83 29 6 67 39 45 42 65 13 70 71 26;
958, 63 14 167 61 9 36 84 13 5 70 40 13 63 32 43 69 49 13 62 65 20 55 59 29;
959, 79 54 7 70 80 28 49 49 0 59 55 8 57 16 12 72 72 0 62 4 17 59 53 26 42 48 5;
960, 15 15 74 0 62 32 45 16 43 62 25 33 70 70 26 19 0 13 76 23 3 59 69 8 3 79 7 15 23 14 4 34 9;
961, 62 7 52 32 57 12 53 69 16 72 34 4 62 59 21 5 0 56 55 59 6 43 54 35;
962, 72 48 16 28 68 3 51 59 53 3 0 14 53 23 27 43 62 13 10 23 27;
963, 72 53 18 57 10 30 38 38 1 43 65 8 52 81 18 57 40 7 55 36 18 51 36 47 43 65 9 62 62 1 26 26 1 11 43 18 75 82 40;
964, 57 76 82 34 72 4 23 23 30 48 48 7 25 7 8 84 7 3 38 49 23 62 60 39 36 36 50 69 77 43;
965, 48 55 19 49 49 18 42 15 55 23 7 47 53 49 29 27 1 5 48 48 1;
966, 62 0 49 78 43 19 53 69 11 54 63 9 38 43 16 70 13 13 15 69 15 7 62 38;
967, 50 12 14 48 32 18 43 55 20 70 57 39 72 53 12 42 75 64 34 29 3 10 62 11 48 14 29;
968, 57 71 52 55 23 34 84 51 26 52 81 5 72 65 15 34 43 24 42 42 80 51 4 14 6 6 0 0 12 7 48 7 15 29 56 53 60 60 28;
969, 6 6 11 74 72 4 69 70 17 71 25 13 23 43 25 56 42 15 14 14 12 57 57 29 53 59 18;
970, 55 55 47 0 48 28 79 57 41 62 23 13 48 42 8 72 49 12 25 55 31 23 33 3 63 54 42 0 23 10;
971, 57 12 37 25 69 55 45 22 24 34 48 14 63 76 9 55 69 3 7 62 19 72 57 37 17 43 10 20 23 32 10 57 11 32 70 34;
972, 25 23 35 34 48 13 62 62 11 57 69 332 25 43 12 65 65 1 16 65 8 67 39 5 59 55 55 57 10 15;
973, 32 57 8 59 55 54 21 39 21 7 77 16 67 59 70 25 48 10 65 74 43 18 33 50 48 48 1 70 39 85 4 4 22 25 60 24 57 74 35 72 23 32 52 81 6;
974, 25 23 31 49 59 24 42 76 347 56 49 15 48 12 13 57 40 5 65 74 42 6 49 9 57 78 28 25 3 11 7 48 10;
975, 34 72 2 48 43 30 13 62 61 78 0 8 16 48 48 65 65 1 22 26 5 66 67 4 12 19 10 49 69 60 23 43 23 9 18 6;
976, 76 37 158 43 43 0 57 50 15 34 34 4 54 13 25 81 28 4 48 48 25 55 55 39 71 3 12 57 62 2 43 59 37 62 77 8;
977, 29 26 39 65 38 7 48 16 6 7 62 7 43 59 35 59 59 40 57 10 27 12 12 42 29 72 6 80 37 156 62 55 22 84 55 20;
978, 49 0 47 62 62 349 75 75 0 22 42 35 49 29 37 42 42 0;
979, 62 77 16 48 62 22 4 23 56 79 23 20 55 69 56 62 62 358 59 55 5 49 59 23 59 55 5;
980, 69 65 30 25 77 24 63 63 47 32 32 2 29 49 72 83 72 13 34 52 52 57 84 47 55 53 13;
981, 76 32 17 72 69 31 3 70 16 55 69 30 12 57 7 25 23 23 65 77 73 76 32 18 53 53 30 83 55 46 56 6 26 55 43 24 63 0 6 29 43 19;
982, 70 23 30 65 77 72 81 46 104 77 82 21 65 65 1 39 29 17 57 69 18 4 23 23;
983, 75 25 6 25 75 9 57 57 55 43 43 87 9 44 40 72 34 5 65 65 2 40 43 13 42 42 35 16 22 37 48 78 44 7 82 20 67 27 9;
984, 40 40 19 63 19 95 36 26 20 72 48 14 77 59 23 20 55 24 19 0 13 65 39 30 42 78 29 43 43 42 80 80 31 12 0 7 65 74 9 29 43 15;
985, 19 57 8 40 40 0 7 57 20 48 70 36 77 22 26 80 3 11 65 4 11 19 23 16 26 57 8 10 57 9 53 69 14;
986, 65 65 0 48 48 75 53 72 18 59 55 7 16 37 149 4 57 17 43 13 19 48 43 4 78 63 44 10 57 10 70 48 26 71 57 13 42 15 23 57 5 3;
987, 25 62 24 78 0 8 29 62 26 50 62 13 6 6 0 62 48 14 65 62 21 57 80 35 48 0 8 32 57 7 49 49 12 34 43 16;
988, 39 39 0 59 59 50 25 67 236 40 40 3 19 19 49 43 42 6 77 15 23 25 23 23 57 12 5 65 34 8 25 29 73 33 33 10 48 48 55;
989, 71 10 6 53 69 40 43 71 36 22 77 50 39 39 1;
990, 76 53 17 40 77 6 46 39 34 32 55 29 39 39 4 55 42 15 40 29 62 57 57 45 59 55 4 25 57 23;
991, 71 3 27 59 53 18 43 43 0 62 15 6 69 42 10 25 53 16 71 71 1 50 51 30;
992, 25 43 10 43 69 15 78 4 36 25 48 15 57 43 27 12 62 6 22 14 135 34 43 26 84 77 31 49 48 42 43 65 116 73 41 209 75 3 15 40 43 17 55 55 18;
993, 49 48 6 59 59 22 22 23 44 62 45 44 84 77 30 7 4 4 42 62 22 81 21 7 59 69 6 76 6 36 6 6 41 59 57 35 13 51 26 77 29 25;
994, 12 62 19 22 59 14 34 72 5 57 78 38 49 49 31 13 32 52 32 79 7 25 51 55 39 48 30 0 63 5 21 43 71 7 53 28 69 59 10 49 59 21;
995, 43 55 20 71 42 37 0 63 3 6 70 12 10 54 9 70 48 5 7 82 10 49 49 17 57 49 30 36 7 43 43 23 30 0 25 26 40 40 1 46 52 34;
996, 6 77 16 69 43 77 72 14 39 25 37 139 53 57 40 16 59 23 45 23 9 29 48 17 10 57 22 60 23 16 83 72 9 43 57 19;
997, 77 62 10 65 65 0 74 74 50 40 43 18 62 57 6 23 48 21 10 57 21 81 46 15 43 57 18 7 77 13 33 15 16 26 43 35 23 48 22 12 23 10 3 36 11;
998, 67 34 32 62 53 16 65 83 13 77 23 77 6 54 37 71 70 31 19 63 24 65 48 9 48 62 13 75 62 35 10 23 15;
999, 29 59 50 48 15 24 0 57 5 43 75 25 6 48 53 62 23 14 23 12 13 60 79 16 62 5 121 83 43 20 40 71 23;
1000, 6 53 13 62 13 6 4 20 10 83 72 6 49 43 4 22 69 14 29 83 3 59 59 57 12 12 60 38 23 26 7 7 294 25 75 10;
1001, 43 45 16 49 71 34 25 55 29 67 61 4 5 54 48 48 34 14 33 37 134 43 22 59 59 62 30 62 57 9 55 42 20 42 55 28 32 79 8;
1002, 3 12 26 23 55 36 25 84 10 53 33 15 69 59 7 12 57 5 23 12 4 22 42 28 25 51 20;
1003, 23 57 23 75 77 21 72 6 24 40 76 23 82 82 1 51 51 47 33 33 53 0 49 19 23 62 16 57 10 8 60 43 26 54 48 15 7 62 8;
1004, 22 16 29 40 76 22 10 19 7 3 59 38 15 36 17 43 20 39 82 20 10 42 55 14 60 57 13 78 78 0 3 48 13 72 34 4 77 32 12 76 71 27 82 26 16 62 7 22 42 6 368 43 53 6 53 42 32;
1005, 10 82 4 7 7 46 43 75 17 78 47 244 63 62 37 55 59 7 51 23 37 84 84 1 13 13 8 42 55 17 48 56 20 36 19 15;
1006, 43 48 1 65 65 0 77 6 17 36 23 27 0 55 54 32 23 33 84 7 50 43 29 21 55 55 20;
1007, 63 50 11 32 75 21 65 69 33 55 59 5 83 72 9 27 66 4 51 57 35 57 57 14 72 43 12;
1008, 77 23 14 34 72 4 48 22 27 72 75 10 7 77 16 55 59 4 46 81 10 32 63 8 60 23 17 48 43 63 34 72 5;
1009, 62 57 50 76 16 20 43 43 0 36 0 16 59 72 33 23 57 7 26 23 13 34 65 7 55 42 12;
1010, 25 84 11 65 48 12 77 14 8 36 55 45 75 7 70 55 59 7 16 40 8 26 23 12 23 62 9 57 57 0 65 69 38 43 59 22 46 24 7 10 57 27;
1011, 23 62 8 48 69 17 57 33 10 60 57 11 79 43 28 43 43 362 65 65 0 9 9 36 26 77 11 49 53 49 19 19 15 79 79 2 48 69 17 3 50 13 7 48 22 53 59 24 57 57 49;
1012, 43 75 24 22 26 59 63 48 9 4 59 50 53 53 0 51 62 23 57 23 9 23 26 19 57 23 10 48 62 10 65 43 57 46 52 4 72 49 11;
1013, 7 15 10 12 23 12 23 26 19 69 48 46 53 56 11 29 55 27 13 13 32 57 51 46 23 26 19 23 43 31;
1014, 7 48 16 48 55 43 54 32 56 42 55 57 4 25 6 79 43 25 53 69 12 55 62 17 72 43 34 5 82 15;
1015, 70 70 38 9 67 212 79 57 12 36 36 59 13 53 14 83 83 2 54 59 29 23 57 57;
1016, 34 29 2 10 10 0 59 59 46 6 6 12 22 23 19 77 40 5 70 43 96 54 59 28 11 57 8 10 57 11 57 63 11;
1017, 43 82 25 22 71 40 55 55 37 23 62 4 79 0 14 70 43 96 54 77 13 82 14 17 55 59 9 83 43 15 7 25 9 23 71 11 45 45 52 70 6 12;
1018, 69 80 24 23 71 10 14 33 34 46 28 2 68 81 11 48 37 117 72 49 14 60 23 19 40 43 15;
1019, 42 55 42 59 6 296 29 72 7 75 25 8 51 77 37 11 11 64 48 59 30 84 62 11 43 48 1 53 49 51 49 23 31 33 65 31 59 53 15;
1020, 10 48 25 14 15 9 57 14 27 53 53 0 25 77 26 71 43 21;
1021, 54 10 2 53 55 13 25 49 44 47 72 24 15 15 28 51 79 38 48 48 7 29 48 20 59 59 32 26 26 1 67 48 37;
1022, 43 29 15 32 53 26 36 62 20 62 0 65 6 5 24 53 59 15 13 13 12 51 53 23 15 23 19 14 77 12 34 48 13 69 30 352 75 43 18 48 77 17 63 23 20 81 81 301 26 57 10 57 60 9 77 62 0;
1023, 60 48 22 12 43 19 34 43 15 48 53 5 63 77 9 67 9 13 0 40 11 80 37 112 23 80 40 39 70 38 12 77 14 48 48 82;
1024, 84 50 9 50 32 18 6 53 11 63 26 19 60 62 13 52 81 8 75 75 85 34 55 35 43 25 67;
1025, 12 12 0 11 57 14 63 23 62 59 33 38 4 23 30 48 53 54 0 57 3 10 10 32 13 77 12 49 49 1 26 15 6 12 55 30 29 75 35 63 48 9;
1026, 10 57 15 56 65 36 26 62 9 49 49 58 29 48 14 12 12 1 50 5 32 0 43 73 32 33 43 60 57 14 7 51 14 55 36 17;
1027, 78 45 28 69 43 47 3 62 37 72 65 4 43 59 29 42 59 17 25 80 14 49 40 55 52 81 9 84 25 14 0 12 9 26 26 43 29 43 15 48 0 17 12 23 9;
1028, 82 82 0 25 75 10 56 26 42 60 57 16 43 26 19 70 70 21 57 32 11 22 59 20 42 62 34 77 77 44 12 57 7 48 71 29;
1029, 23 4 40 82 43 25 75 4 7 69 70 18 23 55 20 59 59 10 53 55 14 49 51 29 43 23 23 82 82 1 16 80 33 84 62 12 71 10 21;
1030, 0 42 18 53 57 34 55 69 8 15 76 62 81 68 10 69 59 8 52 81 9 28 29 35 21 81 8 57 32 8 63 16 14 48 3 12 82 43 19 80 54 20;
1031, 11 23 23 57 26 7 7 57 13 48 15 20 83 23 27 57 26 9 74 34 50 12 43 16 42 59 14 80 80 4 65 65 1 75 40 13;
1032, 84 84 2 81 52 7 53 55 17 54 57 32 6 4 36 36 51 39 19 71 13 84 84 3 55 59 6 53 22 24 71 75 20 48 65 6 84 25 10 22 10 16;
1033, 6 6 69 65 13 11 57 23 7 43 26 38 83 62 22 54 33 15 16 40 9 59 53 26 10 57 10 84 45 20 75 7 55 52 51 36;
1034, 12 77 14 22 78 7 75 62 16 65 65 0 48 48 0 10 10 1 84 13 9 63 40 2 75 25 12 69 80 47 12 33 40 62 55 43 57 75 18 75 51 9 10 10 1;
1035, 20 69 20 75 40 52 65 43 8 40 23 17 71 32 10 7 57 10 42 36 14 49 6 9 57 55 18 48 12 24 43 72 12 20 79 18 75 59 37 0 20 13 69 13 26;
1036, 62 62 255 54 60 126 24 51 32 48 65 49 59 59 46 10 51 17 22 5 243 54 69 34 65 65 1 80 69 26 43 72 10 10 77 16;
1037, 75 62 16 34 22 39 69 6 30 53 59 19 57 57 10 42 69 26 77 80 32 55 42 31 10 62 11 69 70 13 83 43 19 65 48 16 54 49 32 76 76 5 21 67 21;
1038, 10 57 27 29 43 16 43 57 13 69 62 15 60 12 17 40 14 21 15 23 51 75 51 9 59 59 57 53 55 32 48 59 28 7 51 18 27 4 40 60 57 13 10 32 10 81 21 7 6 7 30 49 19 20;
1039, 65 53 12 21 81 11 75 6 25 48 23 20 23 48 19 77 53 75 82 70 30 65 65 1 19 78 38 26 26 2 83 43 21 10 77 37 48 69 19;
1040, 43 26 22 26 26 1 57 71 176 73 67 7 76 57 35 49 23 27 51 25 25 74 6 24 20 51 23 70 71 22 63 63 2 48 54 22 84 7 4 80 0 16;
1041, 78 43 32 49 33 21 82 82 0 43 79 27 55 59 4 76 63 12 57 26 11 22 55 33 25 75 45 75 32 11 82 57 11 49 6 11 26 53 18 14 77 15 43 62 8 74 55 30;
1042, 49 49 0 57 19 6 74 23 36 26 62 12 72 43 15 76 57 33 48 57 13 12 77 24 62 78 9;
1043, 25 43 27 74 23 34 69 53 14 43 62 8 52 81 7 6 6 0 26 71 18 20 36 49 63 62 5 51 62 13 40 20 7;
1044, 69 48 25 18 21 32 26 23 19 65 53 38 52 81 6 48 69 14 57 48 19 3 13 43 83 21 47 7 62 8 26 57 8 6 15 31 16 19 20;
1045, 52 65 39 57 42 19 40 77 5 72 72 1 43 15 45 13 13 154 9 37 90 24 9 97;
1046, 27 67 422 43 6 18 49 55 13 62 71 26 0 0 50 53 43 37 25 43 11 6 43 30 48 50 5 32 55 25 43 23 24 72 43 17;
1047, 76 40 11 48 23 194 32 36 11 16 48 12 13 23 23 43 84 22 55 43 20 71 71 0 39 69 40 32 13 53 59 59 26 69 53 12 14 22 15 62 57 6 13 23 23 48 0 16;
1048, 51 3 22 71 57 17 42 55 20 74 72 10 70 75 22 14 17 41 48 0 20 81 81 31 72 4 12 53 53 3 13 62 3 26 75 20 57 49 16;
1049, 69 55 39 32 57 13 13 77 9 42 75 119 59 69 39 57 75 20 72 43 12 23 23 0 55 65 22 6 55 8 71 26 113 9 77 46 65 65 1 55 42 10;
1050, 59 65 149 83 7 255 57 59 26 51 51 27 23 59 47 22 15 13 14 26 4 40 43 16 57 26 10 16 79 13 21 39 19 51 59 70 83 40 36 65 48 32 57 12 9;
1051, 43 71 27 54 5 58 53 53 55 83 23 55 13 32 8 54 57 13 60 62 19 53 53 55 10 57 9 7 80 14 23 43 27;
1052, 43 10 18 49 7 17 75 25 7 48 48 44 80 25 10 55 23 38 32 3 8 79 79 1 65 65 1 13 55 22;
1053, 81 24 52 74 74 70 75 48 19 80 80 0 70 53 4 77 23 16 10 23 17 32 32 1 59 70 20 45 22 13 80 10 13;
1054, 59 69 5 79 15 8 51 71 20 63 62 4 62 49 16 34 57 28 55 55 52 13 36 6 20 69 33 6 55 47 59 69 20 39 39 33;
1055, 70 70 0 34 48 11 59 55 12 32 57 10 71 57 23 48 59 19 62 13 31 34 34 0 69 59 9 62 13 31;
1056, 20 57 14 62 57 8 15 4 16 70 7 14 34 34 0 81 25 71 55 43 18 74 49 15 34 77 24 29 43 68;
1057, 67 46 23 62 76 10 7 43 15 11 48 19 34 52 39 10 53 44 55 59 24 23 77 15 82 82 1 43 51 31 59 55 5 0 43 13;
1058, 71 23 22 78 57 28 23 77 14 53 59 16 57 0 10 74 57 20 28 46 46 21 53 58 43 23 30 50 6 14 72 43 12;
1059, 82 57 10 40 43 12 81 77 58 48 53 8 43 72 12 25 4 8 79 23 19 53 80 37 81 52 7 57 23 29 81 52 7 51 57 31 70 23 31 32 23 14 33 7 17 12 57 6 36 62 27;
1060, 27 67 409 42 59 11 48 7 13 70 59 22 81 25 58 22 15 15 53 19 18 70 36 38 34 43 27 14 14 1 75 57 40 3 43 28 71 62 13;
1061, 48 23 29 57 79 14 53 0 20 26 13 12 16 53 34 62 69 16 53 23 21 12 14 11 62 13 6 60 57 112 29 53 15 82 40 15 13 80 20 43 12 44 48 75 25 21 81 8 62 43 20 14 57 15 73 40 54;
1062, 70 69 14 23 57 24 81 21 5 48 43 4 9 51 26 34 43 23 54 23 26 14 77 11 70 70 1 65 70 32 22 59 42 36 43 9 25 57 111 27 67 9 57 26 20;
1063, 50 50 5 69 59 8 62 55 50 81 28 12 26 22 12 55 55 2 24 72 53 62 43 24 55 59 6 36 62 10 13 78 12 48 55 23 24 24 3;
1064, 16 12 32 55 59 14 62 3 14 79 23 22 34 69 29 70 36 10 42 59 17 5 69 29 33 57 11 55 59 7 80 25 10;
1065, 43 68 2 34 69 29 55 59 5 15 82 34 23 49 32 55 57 39 16 40 8 73 61 4 84 84 1 43 23 25 25 72 18;
1066, 62 77 19 77 62 2 70 59 22 13 77 8;
1067, 69 15 11 49 0 5 71 57 18 55 6 5 48 55 15 49 6 8 70 70 6 59 49 16 53 57 40 15 62 19;
1068, 61 27 2 43 0 11 71 23 28 24 72 49 23 79 25 75 25 27 82 82 1 51 48 25 55 23 38;
1069, 43 55 18 7 77 13 77 57 6 34 43 33 68 43 40 51 25 27 16 63 12 75 25 27 5 53 52 42 75 23 55 59 5 19 26 46 50 54 26 7 77 10 43 57 15 57 12 9 69 59 10;
1070, 55 59 5 82 13 15 0 78 11 71 29 22 55 59 5 43 55 16 57 19 6 79 80 16 0 78 11 36 84 10 32 16 18 57 23 18 48 74 23 79 79 1 43 69 13 3 71 11 80 43 29;
1071, 7 62 11 75 16 20 45 53 44 76 32 12 43 0 17 55 59 24 51 3 11 77 62 1 10 20 13 22 23 13 23 77 12;
1072, 81 52 303 43 48 29 71 57 19 72 69 48 67 27 8 29 49 19 49 65 9 68 75 27 65 65 1 84 62 13 43 51 38 57 23 18;
1073, 49 59 15 0 4 14 57 23 37 82 82 0 13 26 33 80 4 38 77 57 35 62 36 30 49 33 37 59 59 33 65 49 15 63 12 20;
1074, 43 59 23 82 19 15 62 23 14 51 74 40 48 72 11 71 57 35 77 49 26 25 7 7 12 26 10 7 7 52;
1075, 34 70 15 9 67 6 36 84 31 69 55 36 62 23 15 43 49 7 34 70 15 57 43 15 49 59 16 13 62 5 62 22 20 43 59 15;
1076, 65 65 0 34 34 0 9 81 26 7 74 38 69 37 59 6 80 28;
1077, 34 34 0 80 51 4 26 26 0 39 36 26 79 20 9 65 65 1 48 62 8 32 32 1 57 26 8 6 53 8 43 12 18 21 1 17 34 69 45 78 15 6 57 19 7 26 57 6;
1078, 81 21 5 70 71 45 51 23 28 23 57 12 70 69 19 40 74 32 73 73 0 26 45 4 23 57 12;
1079, 70 53 29 73 67 6 67 27 5 33 33 17 45 45 0 13 62 4 62 55 19 51 22 29 71 57 29 36 51 27 45 57 13;
1080, 59 75 381 39 39 0 62 57 5 5 62 2 10 57 11 43 40 16 53 49 22 25 77 25 16 55 29 43 43 1;
1081, 62 48 15 80 71 12 55 59 13 39 23 41 7 77 10 52 52 2 57 26 15 81 81 187 25 62 34 43 49 41 52 81 14 0 79 7 23 26 6 57 77 8;
1082, 39 21 27 57 77 7 65 40 43 43 0 25 70 69 16 34 53 15 6 59 14 52 68 4 48 23 26 81 21 6 57 62 3 45 45 42 80 56 46 23 12 6 84 84 2 49 53 5 43 43 26 81 1 13;
1083, 55 6 4 84 62 15 32 53 37 80 56 45 22 15 12 72 57 26 53 5 22 0 12 5 11 78 16 19 19 293 9 22 51 52 81 11 43 51 190;
1084, 49 0 15 62 49 12 57 23 12 43 69 16 3 15 15 65 65 1 54 71 5 16 71 17 63 23 15 43 43 1;
1085, 70 40 21 65 53 14 72 75 24 19 75 15;
1086, 65 53 47 82 82 0 75 43 20 40 62 1 23 25 25 3 62 13 57 23 32 65 65 1 43 51 29 16 59 21 53 69 241 62 36 24 40 23 20;
1087, 82 32 30 23 36 44 75 25 66 12 12 1 62 14 36 25 0 23 65 65 0 49 69 11 40 40 0 43 59 17 62 69 20 57 71 22 25 75 20 55 59 5 13 5 47 23 36 23 39 1 49 16 57 17 15 22 19;
1088, 84 84 1 25 75 10 36 36 38 40 57 38 43 56 6 23 36 23 57 26 7 25 43 11 57 59 25 40 57 38 53 53 19 43 55 53 25 49 15 79 79 1 49 23 37;
1089, 43 36 17 53 53 17 59 55 49 12 26 13 57 75 17 25 13 14 62 75 18 65 65 1 71 7 25 7 4 4 59 55 49 25 49 13 43 36 17 19 77 25 54 64 287;
1090, 79 33 22 43 55 66 53 69 19 36 55 26 19 19 53 17 71 15 25 69 20 82 15 19;
1091, 43 38 8 9 9 0 32 32 2 26 70 23 25 80 13 84 7 7 43 56 9 70 62 11 62 45 13;
1092, 21 8 254 19 48 10 9 67 13 70 6 14 20 43 22 65 65 0 43 14 21 75 25 9 55 59 28 49 70 17 59 29 35 68 81 7 12 71 12 9 59 54 57 75 25;
1093, 29 59 33 28 52 8 16 5 10 9 53 29 25 5 28 36 36 56 82 78 51;
1094, 79 23 13 62 23 16 48 62 8 68 81 6 74 4 38 81 46 16 25 75 10 70 26 21 43 4 17 9 59 42 77 0 11 55 59 12 57 40 7;
1095, 48 23 22 57 75 39 0 48 14 36 82 21 53 55 13 32 32 2 5 36 36 57 54 190 22 57 23 77 80 27 25 57 24 0 48 14 43 59 19 81 75 61;
1096, 62 36 43 25 53 16 55 59 6 13 40 28 65 65 0 52 81 11 27 41 126 80 3 21 73 67 6 0 23 10 48 59 25 23 78 8 49 6 10 29 43 15 7 26 19 25 48 15;
1097, 27 41 126 48 71 16 71 50 116 25 75 12 49 59 17 71 71 4 82 82 1 20 53 11 43 1 39;
1098, 15 15 1 39 39 0 55 59 4 75 25 9 82 82 1 7 13 5 25 75 12;
1099, 57 14 9 36 82 23 39 66 14 43 53 2 55 59 4 15 13 38 53 55 17 9 70 33 25 57 20 62 48 14 55 6 15 82 51 20 39 39 4 69 59 10 7 32 38 25 80 16 75 25 10 15 77 5;
1100, 59 72 289 7 76 14 43 40 20 82 82 0 12 22 24 49 23 40 77 7 52 43 40 20 57 75 33 38 55 30 77 3 7;
1101, 27 1 139 82 82 0 75 40 12 53 29 19 25 75 18 57 22 21 43 26 24 62 75 24 55 70 60 13 32 43 81 68 6;
1102, 25 7 7 53 65 11 71 71 0 23 76 2 55 59 6 25 75 11 43 55 15 16 0 12 22 59 15 40 50 10;
1103, 48 23 25 49 59 26 25 76 23 14 34 31 43 75 32 36 36 39 49 33 33 48 23 21 71 62 15;
1104, 39 24 45 65 43 16 19 23 13 53 76 38 40 3 8 75 77 16 15 15 61 19 60 6;
1105, 36 32 11 62 63 10 25 84 15 7 43 13 46 46 56 77 43 19 49 55 13 68 68 1 55 59 25 13 71 14 55 59 7;
1106, 77 40 19 55 59 5 69 57 22 53 62 38 21 9 37 40 0 33 82 82 1 55 59 26 43 75 29;
1107, 68 81 6 59 59 52 5 5 16 12 15 29 25 23 24 16 13 16 36 7 13 0 57 4 75 71 13 25 53 17;
1108, 3 15 52 43 23 27 16 62 87 23 26 48 53 59 14 65 75 14 23 22 13 57 57 1 56 34 7 25 75 12 55 57 51 43 59 22 7 84 68;
1109, 7 43 11 24 24 0 75 0 16 25 75 11 53 59 21 62 23 13 77 77 56 7 23 27 36 71 14 33 26 6;
1110, 43 22 21 70 36 6 77 26 25 82 82 1 71 57 29 7 62 6 24 68 26 7 43 14 57 57 49 33 33 25 15 69 61 46 81 8;
1111, 0 12 11 13 57 36 55 59 9 43 4 24 59 49 15 69 64 265 13 59 39 53 83 26 25 59 27;
1112, 0 57 6 25 23 49 82 82 0 69 59 10 0 57 6 23 36 30 25 25 77 25 4 4 12 13 10 53 53 1 57 75 29;
1113, 39 39 0 48 60 17 23 57 12 57 26 10 13 32 23 55 59 18 7 7 50 43 59 19 26 23 13 67 61 5 43 23 22 57 78 6 53 69 15;
1114, 39 48 51 3 77 20 62 23 14 75 75 43 55 59 5 53 11 28 48 59 25 51 75 9 25 54 22 55 59 6 51 75 8 71 25 12 43 12 17 36 71 80 7 12 12;
1115, 40 75 18 70 23 34 53 59 21 55 59 6 74 74 54 6 59 10 34 43 12 66 66 1 53 57 16 0 49 16 76 78 10 23 7 24 51 70 52 62 23 20 6 59 15 48 29 12 50 55 31 23 7 23 65 65 1;
1116, 74 74 53 51 10 12 39 39 0 48 71 15 81 46 10 53 59 34 51 23 32 6 59 16 56 0 20;
1117, 23 5 9 39 51 21 32 71 9 57 57 8 72 48 12 77 62 27 48 72 11 32 55 27 25 79 11 66 24 32;
1118, 65 23 33 43 50 6 51 37 18 15 0 259 84 4 7 71 75 7;
1119, 75 75 41 36 51 20 5 5 51 62 0 9 57 57 40 51 80 48;
1120, 44 41 81 12 57 34 77 19 8 7 82 8 43 65 10 59 59 31 79 79 0 40 4 12 63 77 12 72 51 18 74 74 1 32 32 2 53 51 46 57 23 9;
1121, 43 56 9 55 59 5 7 25 57 57 63 15 62 40 18;
1122, 22 57 13 26 7 19 57 54 10 62 23 22 5 60 40 40 0 8 57 82 8;
1123, 29 29 0 78 15 48 81 68 29 53 59 16 84 48 16 59 4 25 57 12 8 55 59 5 57 15 10 55 59 5 25 59 26;
1124, 71 77 18 57 70 17 29 29 0 55 59 7 23 23 1 3 13 5 25 75 10 10 57 13 32 32 1 43 23 24 23 22 10;
1125, 25 12 22 26 57 12 60 84 51 51 62 21 57 48 54 69 55 56 23 57 31 43 23 26;
1126, 60 79 47 74 74 100 5 36 25 0 57 3 50 40 6 5 36 25 43 43 1 61 27 3;
1127, 71 55 47 49 37 18 57 23 11 29 29 0 7 57 10 55 59 6;
1128, 77 7 27 81 21 10 55 59 6 29 43 17 69 53 34 57 59 46 25 57 35 29 59 37 26 22 10;
1129, 56 6 20 74 74 0 53 59 16 71 25 19 48 71 16 69 59 14;
1130, 5 5 49 59 57 32 80 25 13 71 71 37 25 15 25 65 23 53 71 71 37 60 43 21 72 34 7;
1131, 13 62 4 22 57 16 60 26 15 71 5 15 25 80 15 49 33 35 5 5 38 26 53 11;
1132, 57 62 0 49 23 38 77 57 8 71 71 1 65 48 69;
1133, 74 74 7 40 76 9 76 69 19 55 57 45 75 69 31 23 14 6 53 59 13 76 4 19;
1134, 23 51 22 71 71 9 43 23 21 67 27 7 75 69 30 62 71 13;
1135, 75 37 49 53 23 28 43 75 30 37 9 43;
1136, 29 29 0 26 57 10 13 4 8 37 71 12 34 9 42 55 69 38 57 40 6 36 63 15 29 29 1;
1137, 68 81 130 36 43 11 32 69 27 34 49 20 52 81 11 59 55 4 13 33 28 1 81 98;
1138, 29 29 0 25 4 8 36 57 29 51 62 22 57 45 5;
1139, 77 69 18 7 23 40 36 59 22 7 23 40 77 69 18;
1140, 81 52 11 55 75 32 70 6 9 55 43 14 51 77 24 74 74 84;
1141, 15 13 8 55 75 32 6 15 18 37 25 36 62 23 14 62 77 10;
1142, 37 15 61 83 72 5 75 51 9 25 23 28 55 43 20;
1143, 57 26 7 23 15 10 53 55 18 36 13 32 48 63 43 55 59 7 28 81 18 7 10 5;
1144, 36 23 20 62 62 24 32 0 27 62 23 52 77 26 8 1 27 4;
1145, 81 52 298 62 77 9 37 37 29 43 2 17;
1146, 51 51 24 57 23 13 25 75 11 23 23 2 36 57 21;
1147, 81 52 8 57 23 12 59 34 23 70 23 24 5 45 6 57 40 31 79 79 2;
1148, 36 36 29 72 59 44 43 12 11 60 57 28 55 59 6 71 7 6;
1149, 60 78 32 33 77 11 0 32 5 77 62 6 0 23 10 60 60 6 19 69 22;
1150, 77 26 18 6 55 38 36 34 18 59 55 23 63 10 9 12 12 19 23 32 10;
1151, 36 23 27 55 59 5 81 24 151 63 63 55 43 33 19;
1152, 69 10 22 71 71 103 0 75 18 57 55 32 52 81 8 57 0 53 7 29 21;
1153, 55 26 60 57 48 27 23 55 43 10 57 9;
1154, 37 43 22 57 40 5 23 59 29 75 23 20 25 75 11 43 4 14 57 12 5;
1155, 25 23 29 68 81 7 4 4 1 7 77 9 75 77 15;
1156, 51 65 17 0 84 8 57 62 41 7 57 28;
1157, 59 29 287 57 78 6 71 20 15 62 57 10 69 26 16 75 51 9 71 20 14 26 57 11;
1158, 49 49 3 79 79 4 6 59 11;
1159, 11 57 10 62 78 8 10 26 15 12 32 7;
1160, 55 50 280 75 71 27 81 65 48 29 29 1;
1161, 80 80 1 13 26 12 10 60 5 46 28 51 57 23 12 81 52 5 36 32 16;
1162, 49 59 45 70 77 22 5 55 29 36 32 16 57 70 17 43 69 59 80 80 30 53 23 22;
1163, 76 76 0 32 23 10 7 57 20 51 11 17 29 29 1 7 7 1 57 23 8 76 69 22 10 11 3 61 66 3;
1164, 32 23 10 79 79 0 5 0 43 25 25 72 57 57 24 79 79 19 25 77 14 7 57 20;
1165, 29 29 1 2 75 17 75 23 59;
1166, 44 31 33 39 39 0 80 75 9 75 51 7 57 78 5 77 57 21 40 43 11;
1167, 84 53 20 39 23 37 37 25 10 57 23 6 51 23 64 51 69 29;
1168, 27 31 31 6 53 41 57 48 24 77 29 40;
1169, 34 39 22 75 25 9 25 59 23 25 23 34 9 46 23 19 57 14;
1170, 70 59 15 34 81 40 74 74 61 48 80 22 10 50 11 76 13 11 43 49 4;
1171, 74 74 60 7 79 5 0 0 72 57 5 79;
1172, 60 74 21;
1173, 32 32 0;
1174, 56 74 10 75 51 8 54 3 10 49 59 33 81 21 49;
1175, 32 12 6 40 62 6 71 75 7 69 77 41 25 84 9 54 3 10;
1176, 62 15 11 25 23 31 20 43 14 69 80 32 57 53 15 56 53 11 20 43 13;
1177, 25 23 34 43 23 19 57 23 18 25 51 15;
1178, 29 29 0 43 76 22 40 62 1 57 23 16 40 62 2 29 74 110 25 34 4;
1179, 7 7 17 75 82 198 7 26 25 67 67 20 57 26 8 48 51 60;
1180, 57 23 8 23 57 7 48 51 58 55 59 36 57 62 2 70 57 59;
1181, 21 81 5 57 71 16 59 59 55;
1182, 62 69 20 62 69 20 37 34 82;
1183, 40 57 7 51 75 10;
1184, 23 43 28 29 29 1 13 77 8 37 62 11;
1185, 3 65 8 57 32 6 55 59 19 29 29 1 54 32 3 57 45 5;
1186, 71 48 334 69 15 11 57 32 11;
1187, 57 32 10 3 51 37 53 59 20 32 32 1;
1188, 53 59 10 32 6 20;
1189, 26 26 21 57 15 11 75 71 4 55 59 30 75 51 10 10 11 5 57 15 11 5 15 36 63 77 8 55 59 5 62 77 64 57 12 5;
1190, 62 15 57 5 15 36;
1191, 16 23 18 43 25 41 45 62 6 43 43 26 53 59 16 55 59 45 25 75 10;
1192, 57 78 6 34 53 29 13 12 16 39 46 22 5 62 5 57 23 11 59 59 26;
1193, 16 23 23 4 62 15 77 33 9;
1194, 57 78 3;
1195, 48 59 18 11 82 79 62 12 13 81 21 6 16 23 18 5 62 14 57 15 9;
1196, 55 62 24 6 59 14 57 37 10 7 25 17;
1197, 51 13 13 84 13 6 23 40 27 6 59 13 57 5 136 4 6 29 59 55 5;
1198, 84 37 5 33 82 75 62 26 15;
1199, 25 53 20;
1200, 25 69 27 50 60 47 26 5 32 59 55 7 32 32 1;
1201, 48 0 63 55 59 4;
1202, 51 25 18 32 62 8 60 12 10 39 74 43 62 15 9;
1203, 15 57 14 61 53 49 57 6 16 15 69 26 16 0 12;
1204, 57 77 7 57 53 13;
1205, 75 72 16 21 58 173 13 26 12 21 58 174 55 55 136;
1206, 27 31 15 32 10 3 51 13 16 33 57 10;
1207, 63 37 10 23 70 13;
1208, 84 53 14 33 57 33 21 81 11 65 23 41 55 59 10;
1209, 55 59 9 53 59 35 11 57 10 10 51 26;
1210, 57 20 135 13 57 10 57 15 18 74 6 25;
1211, 13 13 39 12 32 5;
1212, 36 60 35 74 6 23 57 23 19 43 70 41;
1213, 0 57 3;
1214, 26 77 16 25 0 16 26 12 12 57 12 7 16 15 17;
1215, 16 23 38 62 23 16;
1216, 78 15 5;
1217, 57 33 10 21 21 1 53 6 7 43 29 50;
1218, 15 62 28 12 12 33 52 81 21 21 67 162 26 57 8 0 43 15;
1219, 75 25 9 7 55 13 80 43 26 75 25 10 10 55 27 55 59 4 67 61 6 75 43 22;
1220, 53 57 25 77 77 0 75 43 22 59 59 22 62 76 25 15 62 4 67 68 38;
1221, 15 62 3 69 59 9 21 81 14 53 37 39;
1222, 25 71 21 75 9 47 20 71 13;
1223, 7 25 7 15 14 34 55 37 28 15 14 34 21 9 27 70 59 15;
1224, 69 29 218 40 57 33;
1225, 4 23 19 5 23 9 13 62 3 72 82 47 55 59 5 80 57 18;
1226, 55 59 4 15 69 83 50 50 154;
1227, 75 80 4;
1228, 16 49 8 76 59 37 75 25 6;
1229, 57 10 8 76 59 36 26 32 16 51 13 20 62 40 6 23 57 12;
1230, 69 71 28 23 62 45 53 62 62 55 59 5;
1231, 7 69 30 74 33 32;
1232, 74 51 20 5 62 19;
1234, 9 31 35 43 82 39 12 57 7 57 82 40 73 67 16;
1235, 57 40 67 57 40 67 65 62 16;
1236, 62 77 9 59 69 145 25 25 95 79 79 1;
1237, 49 43 19 75 25 7 67 27 7 10 51 18 12 77 11 74 25 9;
1238, 79 80 11 40 77 7 51 23 45;
1239, 16 59 21 62 5 6 51 57 50 57 57 63;
1240, 51 75 18 40 77 9 15 57 10;
1241, 15 57 9 40 71 10 26 25 79 62 62 3 25 75 8;
1242, 28 52 7 57 12 5 71 80 55;
1244, 57 69 45 32 63 21 16 6 14 57 69 49;
1245, 77 55 29;
1246, 57 57 13 12 57 7 16 19 10;
1247, 71 23 12 32 57 12;
1248, 42 55 422 32 32 1 20 37 18 75 51 26 29 39 45 80 75 10 62 23 13 57 23 47 40 40 30;
1249, 32 57 7 45 77 7 25 15 33 60 57 19 57 12 5 13 62 2;
1250, 45 77 6 4 77 26 77 69 14 43 51 60 32 57 9 15 15 1;
1251, 80 62 16 15 15 1 13 75 38 62 13 16;
1252, 15 3 99 51 57 19 43 43 55;
1253, 10 26 26 43 23 33 53 59 46 26 5 8 0 57 11 77 15 55;
1254, 60 57 49;
1255, 60 84 11;
1256, 27 31 35 21 21 6 55 59 6 62 62 23 55 59 6;
1257, 43 80 63 19 13 64 25 19 38;
1258, 5 79 10 67 47 4 75 5 55 77 57 31;
1259, 57 53 33;
1263, 29 31 65;
1267, 42 0 179;
1268, 57 54 53;
1272, 49 12 385;
1273, 40 43 325;
1277, 22 48 425;
1282, 9 8 413 75 25 49;
1298, 3 48 446 53 71 319 77 62 28;
1299, 25 72 24;
1301, 81 43 53;
1305, 51 25 27;
1313, 60 62 23;
1314, 34 79 488;
1325, 40 48 473;
1334, 4 59 545;
1335, 74 29 120;
1340, 84 38 430;
1346, 75 0 117;
1349, 57 16 117;
1350, 11 54 262;
1352, 11 11 98;
1354, 53 0 93;
1355, 23 69 554;
1358, 23 23 108;
1362, 77 42 82;
1372, 62 62 361;
1373, 62 81 351 62 81 414;
1379, 62 62 379;
1380, 62 62 380;
1381, 77 57 60 62 62 371;
1382, 20 7 62;
1384, 65 69 104;
1385, 43 53 510;
1387, 6 59 66 84 84 57;
1390, 49 36 57 57 62 52;
1393, 48 70 530;
1395, 67 61 66;
1396, 9 41 196;
1398, 49 48 55 42 42 50 62 80 60;
1399, 55 59 56;
1400, 7 25 46 23 23 49 62 43 55;
1401, 48 40 43;
1402, 4 23 63;
1403, 10 12 48;
1405, 49 51 45 40 36 48 40 40 40;
1406, 51 49 39;
1407, 43 48 45 49 48 50;
1408, 55 71 42;
1409, 54 15 42 78 57 50 52 28 37;
1410, 40 48 57 26 26 624;
1411, 55 57 544;
1412, 57 57 569 62 72 30;
1413, 23 23 85 69 77 50;
1414, 53 48 47 54 15 38 23 53 51;
1415, 40 80 36 23 53 50;
1416, 78 5 36 70 29 58 49 42 59 4 55 38 81 81 605;
1417, 40 80 35 46 46 42 42 69 34 20 55 592 49 59 33;
1418, 26 45 33;
1419, 10 80 21 69 37 25 48 59 31 62 57 38;
1420, 62 26 29 42 42 43 57 57 27 70 57 26;
1421, 48 77 33 75 25 31;
1422, 42 42 47 59 77 19;
1423, 60 82 41;
1424, 43 48 43 12 12 17 53 57 21 57 57 605 53 53 57 76 71 24 37 53 46;
1425, 43 57 21;
1426, 49 6 49;
1427, 5 43 20 48 59 23 42 69 23 42 59 20 60 25 26 66 53 35;
1428, 60 25 25 12 62 58 79 74 19 38 53 14 51 80 359 23 48 18;
1429, 60 75 66 45 45 28 48 48 27 23 71 19 79 19 16 69 29 38 48 80 30;
1430, 48 71 23 29 72 24;
1431, 3 62 19 48 55 625 78 26 19 62 62 506 49 36 10;
1432, 43 53 37 65 43 8 7 65 9 60 23 59 82 78 22;
1433, 23 4 29 57 48 13 53 16 21 48 7 65;
1434, 56 74 9 59 59 647 42 55 17 50 10 12 54 60 32;
1435, 16 16 43 63 40 5 22 15 14 54 49 25;
1436, 23 10 10 51 71 26 62 62 33 12 62 7 21 58 6 82 71 8;
1437, 34 34 24 62 53 23 29 65 12 71 0 11 51 75 9 53 62 20 59 42 22 39 71 47 25 25 18 43 40 8 65 34 8 52 52 39;
1438, 70 36 7 23 57 6 32 0 15 6 49 9 40 62 2 43 49 27;
1439, 42 42 59 20 48 18 54 48 21 59 33 30 60 26 19 29 72 46 43 40 10 42 42 60 54 3 9;
1440, 62 84 37 55 53 12 70 65 14 40 40 0 42 77 647 34 48 15 19 48 14;
1441, 7 48 9 80 37 16 40 48 11 15 0 654 70 53 3 65 29 12;
1442, 40 4 12 49 49 654 65 29 13 62 63 28 57 51 32 23 69 29 59 69 326 51 49 34 79 75 11;
1443, 21 48 42 23 62 23 51 13 16 12 10 10;
1444, 53 59 28 40 57 5 29 53 5 37 37 16 80 28 43;
1445, 7 7 18 13 13 13 7 40 7 16 16 6 42 62 17;
1446, 38 65 666 25 25 48 37 7 7 10 3 3 75 75 663 25 75 23 9 47 3;
1447, 49 49 37 82 76 8 10 10 32 0 0 39 63 63 24 57 77 5 59 59 11 14 14 550 43 59 31;
1448, 48 19 19 36 5 25 43 43 627 76 23 4 53 53 0 42 42 667 16 10 15 62 84 12 13 4 29 23 74 42 62 15 29;
1449, 43 54 32 53 49 14 14 11 14 34 51 24;
1450, 25 25 36 53 29 2 62 69 18 34 43 17;
1451, 49 12 22 51 75 10 12 19 6 18 27 5 55 43 17 16 0 11 43 65 11 22 29 27;
1452, 19 33 16 23 48 16 16 75 40 43 43 1;
1453, 19 54 8 48 48 651 25 79 14 43 36 6 49 48 6 25 60 662 75 55 672 16 16 18 5 25 20;
1454, 43 10 22 25 60 663 10 25 15 62 62 19 53 42 629 55 16 663 39 39 1;
1455, 4 25 27 32 57 10 57 57 1 28 81 5 71 84 8 48 48 1 39 39 12 23 32 9 59 53 671;
1456, 83 72 5 0 40 3;
1457, 57 32 677 23 63 13 25 75 24 48 70 3 65 4 10 45 70 15 48 17 38 57 62 4;
1458, 29 49 88 12 15 13 34 83 6 48 48 10 59 55 650 16 16 669;
1459, 43 43 0 23 63 14 71 53 648 42 59 15 57 23 35 26 26 1 19 26 13;
1460, 57 57 32 44 31 262 79 75 6 37 37 1 69 6 3 43 37 671 48 43 39;
1461, 26 26 0 71 0 25 0 0 35 54 62 12 5 62 667 49 49 33 32 63 5 48 53 37;
1462, 13 25 10 37 4 4 61 61 676 26 70 35 4 19 12 48 48 612 62 23 15 25 79 9;
1463, 53 23 36 77 84 14 20 26 27 82 82 682 72 38 3;
1464, 77 23 12 16 36 6 53 53 29 69 13 19 32 53 664 54 75 33 1 1 20 49 65 10 57 71 481 19 19 20;
1465, 63 63 0 57 71 469 48 26 29 74 56 8 7 84 8 78 19 659 49 42 670 23 57 5 63 48 11 56 36 27 59 42 31 62 48 20 25 75 11;
1466, 62 48 19 59 42 646 69 42 9 59 69 8 72 43 20 56 65 3 40 40 15 53 72 13 32 48 15 15 77 4 60 71 665 29 59 673;
1467, 65 49 13 48 48 17 12 5 3 16 48 26 48 5 678 57 62 21;
1468, 62 77 26 4 19 654 29 2 664 48 48 30;
1469, 42 69 681 43 32 490 67 1 566 75 25 10 26 23 7;
1470, 43 32 690 39 58 25 14 48 26 43 53 660;
1471, 77 26 10 23 76 1 53 19 663 82 63 7 51 25 11 23 12 5 39 39 1;
1472, 59 22 20 62 57 605 59 53 678 53 48 688 81 28 654 77 43 18;
1473, 71 37 8 39 25 655 59 6 16 4 25 26 19 63 4 63 84 4;
1474, 2 15 676 4 4 15;
1475, 46 21 2 23 23 649 43 62 11 42 77 684 15 13 12 57 57 692 59 6 11 48 40 671 26 26 1;
1476, 23 23 665 57 79 686 42 23 17 12 23 672 65 48 689 72 48 9 6 59 11;
1477, 69 27 668 53 74 696 26 26 0 34 72 4 70 29 18;
1478, 60 84 10 48 53 6 84 57 692 29 65 14 57 69 19 16 16 670;
1479, 52 81 9 23 54 15 19 12 14 62 62 683 49 84 20 10 51 687 33 33 8 57 23 9 19 12 14 43 75 699 40 3 696;
1480, 15 23 700 23 62 4 79 15 15 83 43 19 71 23 16 37 51 13 15 57 11 49 43 4 42 42 699 4 49 696;
1481, 20 33 696 62 63 8 54 75 6 68 81 7 13 13 1 53 70 693;
1482, 55 59 5 20 78 669 55 69 697 4 49 701 23 62 701 5 62 2 48 49 6 26 36 696;
1483, 13 57 681 9 9 0 48 53 7;
1484, 74 74 11 53 53 669 60 57 15 75 7 11 68 8 569 19 48 14 59 55 658 33 63 703 29 72 7 43 63 697 75 51 8 57 51 700;
1485, 16 19 11 9 67 7 48 19 696 57 23 6;
1486, 32 75 11 36 7 7 62 40 695 59 55 4 55 69 701 48 59 699 76 33 4 55 55 9 34 72 5 15 71 605 48 12 703 55 69 3;
1487, 48 23 703 57 22 706 62 23 579 33 33 665;
1488, 75 63 667 25 25 706 20 36 3 43 25 670 57 77 11 55 59 5 6 48 690 65 48 8 76 23 5;
1489, 38 65 4 6 49 669 25 4 4 13 63 3 69 69 1 61 43 690;
1490, 32 13 7;
1491, 34 38 2 75 75 670 53 69 708 69 42 709 10 63 8 26 26 1 69 69 566;
1492, 6 42 700 79 25 710 65 29 711 57 23 712 3 19 702 75 16 665 51 75 708 59 42 693 26 23 710 36 43 705 49 49 1;
1493, 40 62 1 22 23 711 53 69 708 13 84 713 83 7 696;
1494, 55 82 691 51 13 707 3 7 5 43 6 711 55 57 681 49 48 675 25 4 699 77 42 670 59 55 712 43 16 5;
1495, 26 14 713 59 49 705 71 43 703 83 13 702 75 51 709 55 59 4 57 13 712 74 84 706 26 26 1;
1496, 42 42 675 57 16 709 80 80 583;
1497, 40 48 709 48 59 694 26 57 713 10 48 703 62 43 704 48 19 701;
1498, 81 68 706 23 76 680 65 55 698 65 55 699;
1499, 7 4 696 29 29 0 59 42 700 53 65 711 7 42 695 65 40 704 42 55 700 42 55 700;
